[[[0,1,2,3,4,5],
[6,7,8,9,10,11],
[12,13,14,15,16,17],
[18,19,20,21,22,23],
[24,25,26,27,28,29],
[30,31,32,33,34,35],
[36,37,38,39,40,41],
[42,43,44,45,46,47],
[48,49,50,51,52,53],
[54,55,56,57,58,59],
[60,61,62,63,64,65],
[66,67,68,69,70,71],
[72,73,74,75,76,77],
[78,79,80,81,82],
[83,84,85,86,87],
[88,89,90,91,92],
[93,94,95,96,97],
[98,99,100,101,102],
[103,104,105,106,107],
[108,109,110,111,112],
[113,114,115,116,117],
[118,119,120,121,122],
[123,124,125,126,127],
[128,129,130,131,132],
[133,134,135,136,137],
[138,139,140,141,142]],

[[0,7,14,21,28,35],
[6,13,20,27,34,41],
[12,19,26,33,40,47],
[18,25,32,39,46,53],
[24,31,38,45,52,59],
[30,37,44,51,58,65],
[36,43,50,57,64,71],
[42,49,56,63,70,77],
[48,55,62,69,76,82],
[54,61,68,75,81,87],
[60,67,74,80,86,92],
[66,73,79,85,91,97],
[72,78,84,90,96,102],
[83,89,95,101,107],
[88,94,100,106,112],
[93,99,105,111,117],
[98,104,110,116,122],
[103,109,115,121,127],
[108,114,120,126,132],
[113,119,125,131,137],
[118,124,130,136,142],
[5,123,129,135,141],
[4,11,128,134,140],
[3,10,17,133,139],
[2,9,16,23,138],
[1,8,15,22,29]],

[[0,8,13,23,33,46],
[6,14,19,29,39,52],
[12,20,25,35,45,58],
[18,26,31,41,51,64],
[24,32,37,47,57,70],
[30,38,43,53,63,76],
[36,44,49,59,69,81],
[42,50,55,65,75,86],
[48,56,61,71,80,91],
[54,62,67,77,85,96],
[60,68,73,82,90,101],
[66,74,78,87,95,106],
[72,79,83,92,100,111],
[84,88,97,105,116],
[89,93,102,110,121],
[94,98,107,115,126],
[99,103,112,120,131],
[104,108,117,125,136],
[109,113,122,130,141],
[4,114,118,127,135],
[10,119,123,132,140],
[3,16,124,128,137],
[9,22,129,133,142],
[5,15,28,134,138],
[1,11,21,34,139],
[2,7,17,27,40]],

[[0,9,17,19,32,58],
[6,15,23,25,38,64],
[12,21,29,31,44,70],
[18,27,35,37,50,76],
[24,33,41,43,56,81],
[30,39,47,49,62,86],
[36,45,53,55,68,91],
[42,51,59,61,74,96],
[48,57,65,67,79,101],
[54,63,71,73,84,106],
[60,69,77,78,89,111],
[66,75,82,83,94,116],
[72,80,87,88,99,121],
[85,92,93,104,126],
[90,97,98,109,131],
[95,102,103,114,136],
[100,107,108,119,141],
[4,105,112,113,124],
[10,110,117,118,129],
[16,115,122,123,134],
[22,120,127,128,139],
[2,28,125,132,133],
[8,34,130,137,138],
[1,14,40,135,142],
[5,7,20,46,140],
[3,11,13,26,52]],

[[0,10,15,20,31,47],
[6,16,21,26,37,53],
[12,22,27,32,43,59],
[18,28,33,38,49,65],
[24,34,39,44,55,71],
[30,40,45,50,61,77],
[36,46,51,56,67,82],
[42,52,57,62,73,87],
[48,58,63,68,78,92],
[54,64,69,74,83,97],
[60,70,75,79,88,102],
[66,76,80,84,93,107],
[72,81,85,89,98,112],
[86,90,94,103,117],
[91,95,99,108,122],
[96,100,104,113,127],
[101,105,109,118,132],
[106,110,114,123,137],
[111,115,119,128,142],
[5,116,120,124,133],
[11,121,125,129,138],
[1,17,126,130,134],
[7,23,131,135,139],
[2,13,29,136,140],
[3,8,19,35,141],
[4,9,14,25,41]],

[[0,11,16,25,44,57],
[6,17,22,31,50,63],
[12,23,28,37,56,69],
[18,29,34,43,62,75],
[24,35,40,49,68,80],
[30,41,46,55,74,85],
[36,47,52,61,79,90],
[42,53,58,67,84,95],
[48,59,64,73,89,100],
[54,65,70,78,94,105],
[60,71,76,83,99,110],
[66,77,81,88,104,115],
[72,82,86,93,109,120],
[87,91,98,114,125],
[92,96,103,119,130],
[97,101,108,124,135],
[102,106,113,129,140],
[3,107,111,118,134],
[9,112,116,123,139],
[2,15,117,121,128],
[8,21,122,126,133],
[14,27,127,131,138],
[1,20,33,132,136],
[7,26,39,137,141],
[4,13,32,45,142],
[5,10,19,38,51]],

[[0,22,26,45,49,71],
[6,28,32,51,55,77],
[12,34,38,57,61,82],
[18,40,44,63,67,87],
[24,46,50,69,73,92],
[30,52,56,75,78,97],
[36,58,62,80,83,102],
[42,64,68,85,88,107],
[48,70,74,90,93,112],
[54,76,79,95,98,117],
[60,81,84,100,103,122],
[66,86,89,105,108,127],
[72,91,94,110,113,132],
[96,99,115,118,137],
[101,104,120,123,142],
[5,106,109,125,128],
[11,111,114,130,133],
[17,116,119,135,138],
[1,23,121,124,140],
[3,7,29,126,129],
[9,13,35,131,134],
[15,19,41,136,139],
[2,21,25,47,141],
[4,8,27,31,53],
[10,14,33,37,59],
[16,20,39,43,65]],

[[0,27,38,55,70,87],
[6,33,44,61,76,92],
[12,39,50,67,81,97],
[18,45,56,73,86,102],
[24,51,62,78,91,107],
[30,57,68,83,96,112],
[36,63,74,88,101,117],
[42,69,79,93,106,122],
[48,75,84,98,111,127],
[54,80,89,103,116,132],
[60,85,94,108,121,137],
[66,90,99,113,126,142],
[5,72,95,104,118,131],
[11,100,109,123,136],
[17,105,114,128,141],
[4,23,110,119,133],
[10,29,115,124,138],
[1,16,35,120,129],
[7,22,41,125,134],
[13,28,47,130,139],
[2,19,34,53,135],
[8,25,40,59,140],
[3,14,31,46,65],
[9,20,37,52,71],
[15,26,43,58,77],
[21,32,49,64,82]],

[[0,29,37,63,79,86],
[6,35,43,69,84,91],
[12,41,49,75,89,96],
[18,47,55,80,94,101],
[24,53,61,85,99,106],
[30,59,67,90,104,111],
[36,65,73,95,109,116],
[42,71,78,100,114,121],
[48,77,83,105,119,126],
[54,82,88,110,124,131],
[60,87,93,115,129,136],
[66,92,98,120,134,141],
[4,72,97,103,125,139],
[2,10,102,108,130],
[8,16,107,113,135],
[14,22,112,118,140],
[3,20,28,117,123],
[9,26,34,122,128],
[15,32,40,127,133],
[21,38,46,132,138],
[1,27,44,52,137],
[7,33,50,58,142],
[5,13,39,56,64],
[11,19,45,62,70],
[17,25,51,68,76],
[23,31,57,74,81]],

[[0,34,50,59,78,85],
[6,40,56,65,83,90],
[12,46,62,71,88,95],
[18,52,68,77,93,100],
[24,58,74,82,98,105],
[30,64,79,87,103,110],
[36,70,84,92,108,115],
[42,76,89,97,113,120],
[48,81,94,102,118,125],
[54,86,99,107,123,130],
[60,91,104,112,128,135],
[66,96,109,117,133,140],
[3,72,101,114,122,138],
[1,9,106,119,127],
[7,15,111,124,132],
[13,21,116,129,137],
[19,27,121,134,142],
[5,25,33,126,139],
[2,11,31,39,131],
[8,17,37,45,136],
[14,23,43,51,141],
[4,20,29,49,57],
[10,26,35,55,63],
[16,32,41,61,69],
[22,38,47,67,75],
[28,44,53,73,80]],

[[0,39,61,84,101,112],
[6,45,67,89,106,117],
[12,51,73,94,111,122],
[18,57,78,99,116,127],
[24,63,83,104,121,132],
[30,69,88,109,126,137],
[36,75,93,114,131,142],
[5,42,80,98,119,136],
[11,48,85,103,124,141],
[4,17,54,90,108,129],
[10,23,60,95,113,134],
[16,29,66,100,118,139],
[2,22,35,72,105,123],
[8,28,41,110,128],
[14,34,47,115,133],
[20,40,53,120,138],
[1,26,46,59,125],
[7,32,52,65,130],
[13,38,58,71,135],
[19,44,64,77,140],
[3,25,50,70,82],
[9,31,56,76,87],
[15,37,62,81,92],
[21,43,68,86,97],
[27,49,74,91,102],
[33,55,79,96,107]],

[[0,40,43,74,100,132],
[6,46,49,79,105,137],
[12,52,55,84,110,142],
[5,18,58,61,89,115],
[11,24,64,67,94,120],
[17,30,70,73,99,125],
[23,36,76,78,104,130],
[29,42,81,83,109,135],
[35,48,86,88,114,140],
[3,41,54,91,93,119],
[9,47,60,96,98,124],
[15,53,66,101,103,129],
[21,59,72,106,108,134],
[27,65,111,113,139],
[2,33,71,116,118],
[8,39,77,121,123],
[14,45,82,126,128],
[20,51,87,131,133],
[26,57,92,136,138],
[1,32,63,97,141],
[4,7,38,69,102],
[10,13,44,75,107],
[16,19,50,80,112],
[22,25,56,85,117],
[28,31,62,90,122],
[34,37,68,95,127]],

[[0,41,52,67,99,135],
[6,47,58,73,104,140],
[3,12,53,64,78,109],
[9,18,59,70,83,114],
[15,24,65,76,88,119],
[21,30,71,81,93,124],
[27,36,77,86,98,129],
[33,42,82,91,103,134],
[39,48,87,96,108,139],
[2,45,54,92,101,113],
[8,51,60,97,106,118],
[14,57,66,102,111,123],
[20,63,72,107,116,128],
[26,69,112,121,133],
[32,75,117,126,138],
[1,38,80,122,131],
[7,44,85,127,136],
[13,50,90,132,141],
[4,19,56,95,137],
[10,25,62,100,142],
[5,16,31,68,105],
[11,22,37,74,110],
[17,28,43,79,115],
[23,34,49,84,120],
[29,40,55,89,125],
[35,46,61,94,130]],

[[0,53,56,93,116,125],
[6,59,62,98,121,130],
[12,65,68,103,126,135],
[18,71,74,108,131,140],
[3,24,77,79,113,136],
[9,30,82,84,118,141],
[4,15,36,87,89,123],
[10,21,42,92,94,128],
[16,27,48,97,99,133],
[22,33,54,102,104,138],
[1,28,39,60,107,109],
[7,34,45,66,112,114],
[13,40,51,72,117,119],
[19,46,57,122,124],
[25,52,63,127,129],
[31,58,69,132,134],
[37,64,75,137,139],
[2,43,70,80,142],
[5,8,49,76,85],
[11,14,55,81,90],
[17,20,61,86,95],
[23,26,67,91,100],
[29,32,73,96,105],
[35,38,78,101,110],
[41,44,83,106,115],
[47,50,88,111,120]],

[[0,62,103,111,137,140],
[3,6,68,108,116,142],
[5,9,12,74,113,121],
[11,15,18,79,118,126],
[17,21,24,84,123,131],
[23,27,30,89,128,136],
[29,33,36,94,133,141],
[4,35,39,42,99,138],
[1,10,41,45,48,104],
[7,16,47,51,54,109],
[13,22,53,57,60,114],
[19,28,59,63,66,119],
[25,34,65,69,72,124],
[31,40,71,75,129],
[37,46,77,80,134],
[43,52,82,85,139],
[2,49,58,87,90],
[8,55,64,92,95],
[14,61,70,97,100],
[20,67,76,102,105],
[26,73,81,107,110],
[32,78,86,112,115],
[38,83,91,117,120],
[44,88,96,122,125],
[50,93,101,127,130],
[56,98,106,132,135]]

]