[[[0,1,2,3,4,5],
[6,7,8,9,10,11],
[12,13,14,15,16,17],
[18,19,20,21,22,23],
[24,25,26,27,28,29],
[30,31,32,33,34,35],
[36,37,38,39,40,41],
[42,43,44,45,46],
[47,48,49,50,51]],

[[0,7,14,21,28,35],
[2,6,13,23,27,34],
[1,8,12,22,29,33],
[18,25,32,39,46],
[20,24,31,41,45,51],
[19,26,30,40,50],
[3,10,17,36,43,49],
[5,9,16,38,42,48],
[4,11,15,37,44,47]],

[[0,8,13,39,51],
[1,6,14,40,45],
[2,7,12,41,46,50],
[3,11,16,18,26,31],
[4,9,17,19,24,32],
[5,10,15,20,25,30],
[21,29,34,36,44,48],
[22,27,35,37,42,49],
[23,28,33,38,43,47]],

[[0,11,19,27,38,46],
[6,17,25,33,44,51],
[5,12,21,31,40,49],
[2,10,18,29,37,45],
[8,16,24,35,43,50],
[4,14,23,30,39,48],
[1,9,20,28,36],
[7,15,26,34,42],
[3,13,22,32,41,47]],

[[0,16,23,25,45,49],
[4,6,29,31,38,50],
[10,12,19,35,39,44],
[9,14,18,34,41,43],
[2,15,22,24,48],
[3,8,28,30,37],
[5,7,27,32,36,51],
[11,13,20,33,40,42],
[1,17,21,26,46,47]],

[[0,9,22,31,44],
[6,15,19,28,41,49],
[3,12,25,34,38],
[8,17,18,27,40,48],
[5,14,24,33,37,46],
[2,11,21,30,43,51],
[4,13,26,35,36,45],
[1,10,23,32,42,50],
[7,16,20,29,39,47]],

[[0,17,20,34,37,50],
[5,6,22,26,39,43],
[11,12,28,32,45,48],
[1,15,18,35,38,51],
[3,7,23,24,40,44],
[9,13,29,30,46,49],
[2,16,19,33,36],
[4,8,21,25,41,42],
[10,14,27,31,47]],

[[0,15,29,32,40,43],
[3,6,20,35,46,48],
[9,12,23,26,37,51],
[4,7,18,33,49],
[10,13,21,24,38],
[1,16,27,30,41,44],
[11,14,22,25,36,50],
[2,17,28,31,39,42],
[5,8,19,34,45,47]],

[[0,10,26,33,41,48],
[6,16,21,32,37],
[4,12,20,27,43],
[5,13,18,28,44,50],
[1,11,24,34,39,49],
[7,17,22,30,38,45],
[8,15,23,31,36,46],
[3,14,19,29,42,51],
[2,9,25,35,40,47]]]