[[[0, 10, 21, 32, 43],
[1, 11, 23, 35, 47],
[2, 12, 25, 38, 51],
[3, 13, 27, 41, 44],
[4, 14, 29, 33, 48],
[5, 15, 31, 36, 52],
[6, 16, 22, 39, 45],
[17, 24, 42, 49],
[7, 18, 26, 34, 53],
[8, 19, 28, 37, 46],
[9, 20, 30, 40, 50],
[54, 65, 84, 95],
[55, 66, 77, 87, 99],
[56, 67, 78, 90, 103],
[57, 68, 80, 93, 96],
[58, 69, 81, 85, 100],
[59, 70, 83, 88, 104],
[60, 71, 76, 91, 97],
[61, 72, 94, 101],
[62, 73, 79, 86, 105],
[63, 74, 89, 98],
[64, 75, 82, 92, 102]],

[[0, 11, 22, 33, 44],
[1, 12, 24, 36, 48],
[2, 13, 26, 39, 52],
[3, 14, 28, 42, 45],
[4, 15, 30, 34, 49],
[5, 16, 21, 37, 53],
[6, 17, 23, 40, 46],
[18, 25, 32, 50],
[7, 19, 27, 35, 43],
[8, 20, 29, 38, 47],
[9, 10, 31, 41, 51],
[54, 66, 76, 85, 96],
[55, 67, 88, 100],
[56, 68, 79, 91, 104],
[57, 69, 94, 97],
[58, 70, 82, 86, 101],
[59, 71, 89, 105],
[60, 72, 77, 92, 98],
[61, 73, 78, 84, 102],
[62, 74, 80, 87, 95],
[63, 75, 81, 90, 99],
[64, 65, 83, 93, 103]],

[[0, 12, 23, 34, 45],
[1, 13, 25, 37, 49],
[2, 14, 27, 40, 53],
[3, 15, 29, 32, 46],
[4, 16, 31, 35, 50],
[5, 17, 22, 38, 43],
[6, 18, 24, 41, 47],
[19, 26, 33, 51],
[7, 20, 28, 36, 44],
[8, 10, 30, 39, 48],
[9, 11, 21, 42, 52],
[54, 67, 77, 86, 97],
[55, 68, 78, 89, 101],
[56, 69, 80, 92, 105],
[57, 70, 81, 84, 98],
[58, 71, 83, 87, 102],
[59, 72, 76, 90, 95],
[60, 73, 93, 99],
[61, 74, 79, 85, 103],
[62, 75, 88, 96],
[63, 65, 82, 91, 100],
[64, 66, 94, 104]],

[[0, 13, 24, 35, 46],
[1, 14, 26, 38, 50],
[2, 15, 28, 41, 43],
[3, 16, 30, 33, 47],
[4, 17, 21, 36, 51],
[5, 18, 23, 39, 44],
[6, 19, 25, 42, 48],
[20, 27, 34, 52],
[7, 10, 29, 37, 45],
[8, 11, 31, 40, 49],
[9, 12, 22, 32, 53],
[54, 68, 87, 98],
[55, 69, 79, 90, 102],
[56, 70, 93, 95],
[57, 71, 82, 85, 99],
[58, 72, 88, 103],
[59, 73, 77, 91, 96],
[60, 74, 78, 94, 100],
[61, 75, 80, 86, 104],
[62, 65, 81, 89, 97],
[63, 66, 83, 92, 101],
[64, 67, 76, 84, 105]],

[[0, 14, 25, 36, 47],
[1, 15, 27, 39, 51],
[2, 16, 29, 42, 44],
[3, 17, 31, 34, 48],
[4, 18, 22, 37, 52],
[5, 19, 24, 40, 45],
[6, 20, 26, 32, 49],
[10, 28, 35, 53],
[7, 11, 30, 38, 46],
[8, 12, 21, 41, 50],
[9, 13, 23, 33, 43],
[54, 69, 78, 88, 99],
[55, 70, 80, 91, 103],
[56, 71, 81, 94, 96],
[57, 72, 83, 86, 100],
[58, 73, 76, 89, 104],
[59, 74, 92, 97],
[60, 75, 79, 84, 101],
[61, 65, 87, 105],
[62, 66, 82, 90, 98],
[63, 67, 93, 102],
[64, 68, 77, 85, 95]],

[[0, 15, 26, 37, 48],
[1, 16, 28, 40, 52],
[2, 17, 30, 32, 45],
[3, 18, 21, 35, 49],
[4, 19, 23, 38, 53],
[5, 20, 25, 41, 46],
[6, 10, 27, 33, 50],
[11, 29, 36, 43],
[7, 12, 31, 39, 47],
[8, 13, 22, 42, 51],
[9, 14, 24, 34, 44],
[54, 70, 79, 89, 100],
[55, 71, 92, 104],
[56, 72, 82, 84, 97],
[57, 73, 87, 101],
[58, 74, 77, 90, 105],
[59, 75, 78, 93, 98],
[60, 65, 80, 85, 102],
[61, 66, 81, 88, 95],
[62, 67, 83, 91, 99],
[63, 68, 76, 94, 103],
[64, 69, 86, 96]],

[[0, 16, 27, 38, 49],
[1, 17, 29, 41, 53],
[2, 18, 31, 33, 46],
[3, 19, 22, 36, 50],
[4, 20, 24, 39, 43],
[5, 10, 26, 42, 47],
[6, 11, 28, 34, 51],
[12, 30, 37, 44],
[7, 13, 21, 40, 48],
[8, 14, 23, 32, 52],
[9, 15, 25, 35, 45],
[54, 71, 80, 90, 101],
[55, 72, 81, 93, 105],
[56, 73, 83, 85, 98],
[57, 74, 76, 88, 102],
[58, 75, 91, 95],
[59, 65, 79, 94, 99],
[60, 66, 86, 103],
[61, 67, 82, 89, 96],
[62, 68, 92, 100],
[63, 69, 77, 84, 104],
[64, 70, 78, 87, 97]],

[[0, 17, 28, 39, 50],
[1, 18, 30, 42, 43],
[2, 19, 21, 34, 47],
[3, 20, 23, 37, 51],
[4, 10, 25, 40, 44],
[5, 11, 27, 32, 48],
[6, 12, 29, 35, 52],
[13, 31, 38, 45],
[7, 14, 22, 41, 49],
[8, 15, 24, 33, 53],
[9, 16, 26, 36, 46],
[54, 72, 91, 102],
[55, 73, 82, 94, 95],
[56, 74, 86, 99],
[57, 75, 77, 89, 103],
[58, 65, 78, 92, 96],
[59, 66, 80, 84, 100],
[60, 67, 81, 87, 104],
[61, 68, 83, 90, 97],
[62, 69, 76, 93, 101],
[63, 70, 85, 105],
[64, 71, 79, 88, 98]],

[[0, 18, 29, 40, 51],
[1, 19, 31, 32, 44],
[2, 20, 22, 35, 48],
[3, 10, 24, 38, 52],
[4, 11, 26, 41, 45],
[5, 12, 28, 33, 49],
[6, 13, 30, 36, 53],
[14, 21, 39, 46],
[7, 15, 23, 42, 50],
[8, 16, 25, 34, 43],
[9, 17, 27, 37, 47],
[54, 73, 81, 92, 103],
[55, 74, 83, 84, 96],
[56, 75, 76, 87, 100],
[57, 65, 90, 104],
[58, 66, 79, 93, 97],
[59, 67, 85, 101],
[60, 68, 82, 88, 105],
[61, 69, 91, 98],
[62, 70, 77, 94, 102],
[63, 71, 78, 86, 95],
[64, 72, 80, 89, 99]],

[[0, 19, 30, 41, 52],
[1, 20, 21, 33, 45],
[2, 10, 23, 36, 49],
[3, 11, 25, 39, 53],
[4, 12, 27, 42, 46],
[5, 13, 29, 34, 50],
[6, 14, 31, 37, 43],
[15, 22, 40, 47],
[7, 16, 24, 32, 51],
[8, 17, 26, 35, 44],
[9, 18, 28, 38, 48],
[54, 74, 82, 93, 104],
[55, 75, 85, 97],
[56, 65, 77, 88, 101],
[57, 66, 78, 91, 105],
[58, 67, 80, 94, 98],
[59, 68, 81, 86, 102],
[60, 69, 83, 89, 95],
[61, 70, 76, 92, 99],
[62, 71, 84, 103],
[63, 72, 79, 87, 96],
[64, 73, 90, 100]],

[[0, 20, 31, 42, 53],
[1, 10, 22, 34, 46],
[2, 11, 24, 37, 50],
[3, 12, 26, 40, 43],
[4, 13, 28, 32, 47],
[5, 14, 30, 35, 51],
[6, 15, 21, 38, 44],
[16, 23, 41, 48],
[7, 17, 25, 33, 52],
[8, 18, 27, 36, 45],
[9, 19, 29, 39, 49],
[54, 75, 83, 94, 105],
[55, 65, 76, 86, 98],
[56, 66, 89, 102],
[57, 67, 79, 92, 95],
[58, 68, 84, 99],
[59, 69, 82, 87, 103],
[60, 70, 90, 96],
[61, 71, 77, 93, 100],
[62, 72, 78, 85, 104],
[63, 73, 80, 88, 97],
[64, 74, 81, 91, 101]],

[[0, 1, 2, 90, 93],
[3, 4, 5, 6, 100],
[7, 8, 9, 103],
[38, 41, 54, 55, 56],
[48, 57, 58, 59, 60],
[51, 61, 62, 63, 64],
[10, 14, 19, 85, 91],
[11, 15, 20, 86, 88],
[12, 16, 17, 87, 94],
[13, 18, 84, 89, 92],
[33, 39, 65, 69, 74],
[34, 36, 66, 70, 75],
[35, 42, 67, 71, 72],
[32, 37, 40, 68, 73],
[21, 25, 30, 95, 101],
[22, 26, 31, 97, 105],
[23, 27, 28, 99, 102],
[24, 29, 96, 98, 104],
[43, 49, 78, 82],
[45, 53, 76, 79, 83],
[47, 50, 77, 80],
[44, 46, 52, 81]],

[[10, 11, 12, 60, 63],
[13, 14, 15, 16, 79],
[17, 18, 19, 20, 81],
[49, 52, 65, 66, 67],
[26, 68, 69, 70, 71],
[29, 72, 73, 74, 75],
[0, 4, 8, 55, 61],
[1, 5, 9, 56, 58],
[2, 6, 57, 64],
[3, 7, 54, 59, 62],
[44, 50, 95, 99, 104],
[45, 47, 96, 100, 105],
[46, 53, 97, 101, 102],
[43, 48, 51, 98, 103],
[32, 36, 41, 80],
[33, 37, 42, 77, 83],
[34, 38, 39, 78],
[35, 40, 76, 82],
[21, 27, 84, 88, 93],
[23, 31, 85, 89, 94],
[25, 28, 86, 90, 91],
[22, 24, 30, 87, 92]],

[[27, 30, 76, 77],
[5, 78, 79, 80],
[7, 81, 82, 83],
[32, 33, 34, 101, 104],
[35, 36, 37, 38, 89],
[39, 40, 41, 42, 92],
[22, 28, 54, 58, 63],
[23, 25, 55, 59, 64],
[24, 31, 56, 60, 61],
[21, 26, 29, 57, 62],
[10, 13, 17, 96, 102],
[11, 14, 18, 97, 99],
[12, 15, 19, 98, 105],
[16, 20, 95, 100, 103],
[0, 6, 65, 68, 72],
[2, 9, 66, 69, 73],
[4, 67, 70, 74],
[1, 3, 8, 71, 75],
[43, 47, 52, 84, 90],
[44, 48, 53, 86, 94],
[45, 49, 50, 88, 91],
[46, 51, 85, 87, 93]]]