[[[41, 42, 46, 50, 54, 67, 70, 81, 82, 97],
[8, 15, 22, 55, 56, 61, 64, 86, 87, 99],
[3, 4, 5, 32, 43, 48, 71, 80, 90, 91],
[27, 34, 51, 73, 74, 75, 78, 84, 93, 96],
[0, 17, 20, 23, 39, 40, 45, 47, 62, 79],
[9, 14, 19, 28, 30, 36, 38, 44, 66, 95],
[13, 24, 25, 31, 37, 58, 59, 72, 77, 83],
[1, 6, 12, 18, 60, 69, 76, 85, 92, 98],
[10, 21, 29, 33, 49, 52, 53, 63, 88, 89],
[2, 7, 11, 16, 26, 35, 57, 65, 68, 94]],

[[0, 36, 41, 52, 68, 83, 84, 85, 91, 99],
[3, 11, 21, 24, 34, 38, 40, 69, 81, 87],
[5, 18, 45, 53, 57, 58, 64, 66, 70, 78],
[1, 31, 44, 49, 56, 79, 80, 82, 94, 96],
[19, 26, 33, 39, 60, 71, 74, 77, 86, 97],
[4, 8, 14, 23, 25, 29, 35, 50, 51, 92],
[2, 13, 28, 42, 55, 62, 63, 73, 76, 90],
[7, 9, 10, 17, 22, 27, 37, 46, 48, 98],
[12, 15, 20, 32, 54, 59, 65, 75, 89, 95],
[6, 16, 30, 43, 47, 61, 67, 72, 88, 93]],

[[16, 24, 39, 44, 46, 51, 64, 76, 89, 91],
[0, 4, 10, 30, 34, 55, 58, 60, 65, 82],
[12, 13, 21, 26, 48, 50, 66, 79, 93, 99],
[8, 19, 32, 37, 52, 57, 62, 67, 69, 96],
[1, 25, 27, 47, 63, 68, 70, 71, 87, 95],
[11, 14, 17, 53, 56, 72, 75, 85, 90, 97],
[5, 6, 9, 15, 31, 33, 35, 40, 42, 84],
[2, 20, 29, 36, 61, 77, 78, 80, 81, 98],
[7, 18, 23, 38, 43, 49, 54, 73, 83, 86],
[3, 22, 28, 41, 45, 59, 74, 88, 92, 94]]]