[[[4, 16, 23, 27],
[0, 6, 25, 37, 41],
[3, 5, 14, 19, 36],
[2, 10, 24, 28, 30],
[8, 17, 22, 34],
[7, 12, 31, 38, 40],
[32, 35, 42, 43, 44],
[15, 21, 29, 45],
[1, 11, 13, 18, 33],
[9, 20, 26, 39]],

[[7, 18, 35, 37, 39],
[14, 15, 20, 42],
[0, 9, 21, 27],
[2, 5, 26, 33, 43],
[1, 22, 25, 31],
[6, 10, 12, 19, 29],
[3, 30, 32, 40, 41],
[8, 13, 16, 36],
[23, 28, 34, 38, 45],
[4, 11, 17, 24, 44]],

[[17, 19, 27, 30, 42],
[7, 22, 23, 26],
[2, 16, 29, 39, 41],
[3, 13, 38, 44],
[1, 9, 14, 37, 40],
[8, 10, 18, 45],
[4, 6, 21, 34, 35],
[0, 12, 24, 36, 43],
[20, 31, 32, 33],
[5, 11, 15, 25, 28]],

[[9, 13, 19, 24],
[21, 23, 33, 37],
[8, 12, 30, 39, 44],
[2, 4, 7, 20, 25],
[3, 10, 15, 35],
[11, 22, 38, 41, 43],
[1, 6, 17, 36, 45],
[0, 16, 26, 28, 31],
[5, 34, 40, 42],
[14, 18, 27, 29, 32]],

[[12, 18, 20, 28],
[24, 25, 40, 45],
[0, 10, 33, 38, 39],
[30, 31, 34, 36],
[3, 8, 11, 29, 42],
[13, 26, 27, 35, 41],
[4, 5, 22, 32, 37],
[6, 14, 16, 43],
[1, 7, 19, 21, 44],
[2, 9, 15, 17, 23]],

[[5, 24, 29, 35],
[10, 13, 20, 34, 37],
[1, 4, 8, 15, 43],
[3, 22, 27, 39, 45],
[14, 17, 33, 41],
[2, 6, 18, 31, 44],
[9, 16, 25, 30, 38],
[12, 21, 26, 32],
[0, 11, 19, 23, 40],
[7, 28, 36, 42]],

[[10, 16, 21, 22, 42],
[20, 29, 36, 40, 44],
[2, 8, 19, 35, 38],
[1, 5, 12, 41],
[13, 23, 25, 32, 39],
[11, 14, 26, 30, 45],
[3, 4, 9, 31],
[6, 7, 24, 27, 33],
[0, 15, 18, 34],
[17, 28, 37, 43]]]