[[[0, 7, 14, 21, 28, 35],
[1, 8, 15, 22, 29, 36],
[2, 9, 16, 23, 30, 37],
[3, 10, 17, 24, 31, 38],
[4, 11, 18, 25, 32, 39],
[5, 12, 19, 26, 33, 40],
[6, 13, 20, 27, 34],
[41, 49, 57, 65, 73, 81],
[42, 50, 58, 66, 74, 82],
[43, 51, 59, 67, 75, 83],
[44, 52, 60, 68, 76, 84],
[45, 53, 61, 69, 77, 85],
[46, 54, 62, 70, 78, 86],
[47, 55, 63, 71, 79, 87],
[48, 56, 64, 72, 80]],

[[0, 8, 16, 24, 32, 40],
[1, 9, 17, 25, 33],
[2, 10, 18, 26, 34, 35],
[3, 11, 19, 27, 28, 36],
[4, 12, 20, 21, 29, 37],
[5, 13, 14, 22, 30, 38],
[6, 7, 15, 23, 31, 39],
[41, 50, 59, 68, 77, 86],
[42, 49, 60, 67, 78, 85],
[43, 52, 57, 66, 79],
[44, 51, 58, 65, 80, 87],
[45, 54, 63, 72, 73, 82],
[46, 53, 64, 71, 74, 81],
[47, 56, 61, 70, 75, 84],
[48, 55, 62, 69, 76, 83]],

[[0, 9, 18, 27, 29, 38],
[1, 10, 19, 21, 30, 39],
[2, 11, 20, 22, 31, 40],
[3, 12, 14, 23, 32],
[4, 13, 15, 24, 33, 35],
[5, 7, 16, 25, 34, 36],
[6, 8, 17, 26, 28, 37],
[41, 51, 61, 71, 78],
[42, 52, 62, 72, 77, 87],
[43, 49, 63, 69, 80, 86],
[44, 50, 64, 70, 79, 85],
[45, 55, 57, 67, 74, 84],
[46, 56, 58, 68, 73, 83],
[47, 53, 59, 65, 76, 82],
[48, 54, 60, 66, 75, 81]],

[[0, 10, 20, 23, 33, 36],
[1, 11, 14, 24, 34, 37],
[2, 12, 15, 25, 28, 38],
[3, 13, 16, 26, 29, 39],
[4, 7, 17, 27, 30, 40],
[5, 8, 18, 21, 31],
[6, 9, 19, 22, 32, 35],
[41, 52, 63, 70, 74, 83],
[42, 51, 64, 69, 73, 84],
[43, 50, 61, 72, 76, 81],
[44, 49, 62, 71, 75, 82],
[45, 56, 59, 66, 78, 87],
[46, 55, 60, 65, 77],
[47, 54, 57, 68, 80, 85],
[48, 53, 58, 67, 79, 86]],

[[0, 11, 15, 26, 30],
[1, 12, 16, 27, 31, 35],
[2, 13, 17, 21, 32, 36],
[3, 7, 18, 22, 33, 37],
[4, 8, 19, 23, 34, 38],
[5, 9, 20, 24, 28, 39],
[6, 10, 14, 25, 29, 40],
[41, 53, 62, 66, 80, 84],
[42, 54, 61, 65, 79, 83],
[43, 55, 64, 68, 78, 82],
[44, 56, 63, 67, 77, 81],
[45, 49, 58, 70, 76],
[46, 50, 57, 69, 75, 87],
[47, 51, 60, 72, 74, 86],
[48, 52, 59, 71, 73, 85]],

[[0, 12, 17, 22, 34, 39],
[1, 13, 18, 23, 28, 40],
[2, 7, 19, 24, 29],
[3, 8, 20, 25, 30, 35],
[4, 9, 14, 26, 31, 36],
[5, 10, 15, 27, 32, 37],
[6, 11, 16, 21, 33, 38],
[41, 54, 64, 67, 76, 87],
[42, 53, 63, 68, 75],
[43, 56, 62, 65, 74, 85],
[44, 55, 61, 66, 73, 86],
[45, 50, 60, 71, 80, 83],
[46, 49, 59, 72, 79, 84],
[47, 52, 58, 69, 78, 81],
[48, 51, 57, 70, 77, 82]],

[[0, 13, 19, 25, 31, 37],
[1, 7, 20, 26, 32, 38],
[2, 8, 14, 27, 33, 39],
[3, 9, 15, 21, 34, 40],
[4, 10, 16, 22, 28],
[5, 11, 17, 23, 29, 35],
[6, 12, 18, 24, 30, 36],
[41, 55, 58, 72, 75, 85],
[42, 56, 57, 71, 76, 86],
[43, 53, 60, 70, 73, 87],
[44, 54, 59, 69, 74],
[45, 51, 62, 68, 79, 81],
[46, 52, 61, 67, 80, 82],
[47, 49, 64, 66, 77, 83],
[48, 50, 63, 65, 78, 84]]]
