[[[0,1,2,3,4,5],
[6,7,8,9,10,11],
[12,13,14,15,16,17],
[18,19,20,21,22,23],
[24,25,26,27,28,29],
[30,31,32,33,34,35],
[36,37,38,39,40],
[41,42,43,44,45]],

[[0,7,14,21,28,35],
[1,6,15,20,29,34],
[2,9,12,19,40],
[3,8,13,18,45],
[4,11,24,31,38,44],
[5,10,25,30,39,43],
[16,23,26,33,36,42],
[17,22,27,32,37,41]],

[[0,13,26,34,39],
[6,19,28,32,44],
[1,12,27,35,38,45],
[7,18,29,33,40,43],
[2,10,15,23,24,37],
[4,8,17,21,30,42],
[3,11,14,22,25,36],
[5,9,16,20,31,41]],

[[0,10,17,19,33,38],
[4,6,13,23,27,43],
[5,7,12,22,26,44],
[1,11,16,18,32,39],
[9,14,24,34,42],
[3,20,28,30,37],
[2,21,29,31,36,45],
[8,15,25,35,40,41]],

[[0,9,23,25,32,45],
[3,6,17,26,31,40],
[11,12,21,34,37,43],
[5,15,18,28,38,42],
[1,8,22,24,33],
[2,7,16,27,30],
[10,13,20,35,36,44],
[4,14,19,29,39,41]],

[[0,15,22,31,43],
[6,16,21,25,38],
[3,10,12,29,32,42],
[4,9,18,26,35,37],
[7,17,20,24,39,45],
[1,14,23,30,40,44],
[5,8,19,27,34,36],
[2,11,13,28,33,41]],

[[0,8,16,29,37,44],
[2,6,22,35,39,42],
[4,12,20,25,33],
[10,14,18,27,31],
[5,13,21,24,32,40],
[11,15,19,26,30,45],
[1,9,17,28,36,43],
[3,7,23,34,38,41]],

[[0,11,20,27,40,42],
[5,6,14,33,37,45],
[8,12,23,28,31,39],
[2,17,18,25,34,44],
[3,16,19,24,35,43],
[9,13,22,29,30,38],
[4,7,15,32,36],
[1,10,21,26,41]]]