[[[1, 12, 18, 21, 40],
[4, 9, 19, 20, 41],
[3, 10, 15, 24],
[14, 25, 31, 34],
[17, 22, 32, 33],
[16, 23, 28, 37],
[5, 8, 27, 38],
[6, 7, 30, 35],
[2, 11, 29, 36],
[0, 13, 26, 39]],

[[0, 2, 19, 22, 40],
[5, 10, 20, 21],
[4, 11, 16, 25],
[13, 15, 32, 35],
[18, 23, 33, 34],
[17, 24, 29, 38, 41],
[6, 9, 26, 28],
[7, 8, 31, 36],
[3, 12, 30, 37],
[1, 14, 27, 39]],

[[1, 3, 20, 23],
[6, 11, 21, 22],
[5, 12, 13, 17],
[14, 16, 33, 36],
[19, 24, 34, 35],
[18, 25, 26, 30, 41],
[7, 10, 27, 29],
[8, 9, 32, 37, 40],
[0, 4, 31, 38],
[2, 15, 28, 39]],

[[2, 4, 21, 24],
[7, 12, 22, 23, 41],
[0, 6, 14, 18],
[15, 17, 34, 37],
[20, 25, 35, 36],
[13, 19, 27, 31],
[8, 11, 28, 30],
[9, 10, 33, 38],
[1, 5, 26, 32],
[3, 16, 29, 39, 40]],

[[3, 5, 22, 25],
[0, 8, 23, 24],
[1, 7, 15, 19],
[16, 18, 35, 38],
[13, 21, 36, 37],
[14, 20, 28, 32],
[9, 12, 29, 31],
[10, 11, 26, 34, 40],
[2, 6, 27, 33, 41],
[4, 17, 30, 39]],

[[7, 9, 13, 16],
[4, 12, 14, 15],
[5, 11, 19, 23],
[20, 22, 26, 29],
[17, 25, 27, 28, 40],
[18, 24, 32, 36],
[0, 3, 33, 35],
[1, 2, 30, 38],
[6, 10, 31, 37],
[8, 21, 34, 39, 41]]]