[[[0,1,2,3,4],
[5,6,7,8,9],
[10,11,12,13,14],
[15,16,17,18,19],
[20,21,22,23,24],
[25,26,27,28,29],
[30,31,32,33,34],
[35,36,37,38,39],
[40,41,42,43]],

[[0,6,12,18,24],
[2,5,11,23,29],
[1,7,10,19,28],
[15,21,27,33,39],
[17,20,26,38],
[16,22,25,34,43],
[3,9,30,36,42],
[8,14,32,35,41],
[4,13,31,37,40]],

[[0,7,11,33],
[1,5,12,34,38],
[2,6,10,39,43],
[3,14,15,22,26],
[4,8,16,20,27],
[9,13,17,21,25],
[18,29,30,37,41],
[19,23,31,35,42],
[24,28,32,36,40]],

[[0,16,23,32,39],
[5,21,28,37],
[10,18,26,34,42],
[2,9,15,31,38],
[7,14,20,36,43],
[4,12,25,33,41],
[1,8,17,24,30],
[6,13,22,29,35],
[3,11,19,27,40]],

[[0,14,21,38,42],
[4,5,26,32,43],
[9,10,16,33,37],
[8,12,15,29,36],
[2,13,19,20,41],
[3,7,24,25,31],
[6,23,27,30],
[11,17,28,34,35],
[1,18,22,39,40]],

[[0,8,19,26,37],
[5,13,16,24,42],
[3,10,21,29,32],
[7,15,23,34,41],
[12,20,28,31,39],
[2,18,25,36],
[4,11,22,30,38],
[1,9,27,35,43],
[6,14,17,33,40]],

[[0,17,29,31,43],
[5,19,22,33,36],
[10,24,27,38,41],
[1,13,15,32],
[3,6,20,34,37],
[8,11,25,39,42],
[2,14,16,28,30],
[4,7,18,21,35],
[9,12,23,26,40]],

[[0,13,27,34,36],
[3,5,17,39,41],
[8,10,22,31],
[4,6,15,28,42],
[9,11,18,20,32],
[1,14,23,25,37],
[12,19,21,30,43],
[2,24,26,33,35],
[7,16,29,38,40]],

[[0,9,22,28,41],
[5,14,18,27,31],
[4,10,17,23,36],
[11,15,24,37,43],
[1,20,29,33,42],
[6,19,25,32,38],
[7,13,26,30,39],
[3,12,16,35],
[2,8,21,34,40]]]