[[[0, 5, 25, 29, 48, 60, 70, 74],
[42, 43, 46, 56, 64, 68, 71, 76],
[6, 17, 32, 49, 62, 63, 65, 77],
[4, 10, 18, 21, 27, 36, 59, 69],
[9, 15, 26, 50, 58, 67, 75, 78],
[12, 13, 16, 31, 34, 37, 44, 53],
[1, 11, 19, 23, 38, 40, 47, 79],
[3, 14, 20, 30, 33, 39, 54, 57],
[2, 28, 35, 45, 51, 61, 66, 73],
[7, 8, 22, 24, 41, 52, 55, 72]],

[[19, 26, 29, 30, 36, 53, 56, 77],
[3, 7, 27, 28, 34, 42, 47, 75],
[5, 8, 12, 23, 35, 43, 59, 65],
[4, 13, 17, 25, 38, 57, 61, 67],
[9, 16, 18, 22, 39, 49, 66, 79],
[6, 10, 15, 20, 40, 70, 71, 72],
[2, 11, 37, 46, 48, 52, 54, 62],
[0, 14, 21, 32, 45, 50, 55, 64],
[1, 41, 44, 58, 68, 69, 73, 74],
[24, 31, 33, 51, 60, 63, 76, 78]],

[[16, 25, 27, 32, 33, 40, 43, 52],
[1, 22, 45, 53, 54, 65, 67, 71],
[23, 55, 57, 60, 62, 66, 69, 75],
[0, 4, 30, 37, 47, 72, 73, 78],
[7, 11, 12, 14, 36, 49, 68, 70],
[8, 17, 18, 19, 28, 48, 58, 76],
[3, 9, 10, 29, 35, 44, 63, 64],
[20, 21, 26, 31, 46, 61, 74, 79],
[2, 13, 15, 24, 39, 42, 59, 77],
[5, 6, 34, 38, 41, 50, 51, 56]],

[[4, 8, 32, 39, 51, 53, 74, 75],
[16, 26, 28, 38, 54, 64, 69, 70],
[1, 3, 18, 31, 43, 50, 62, 72],
[5, 15, 17, 21, 47, 52, 66, 68],
[7, 40, 45, 48, 56, 57, 59, 63],
[11, 13, 20, 29, 55, 65, 73, 76],
[6, 35, 36, 37, 42, 60, 67, 79],
[0, 2, 9, 12, 19, 33, 41, 71],
[14, 22, 23, 27, 44, 61, 77, 78],
[10, 24, 25, 30, 34, 46, 49, 58]]]