[[[0, 1, 2, 3, 4, 5],
[6, 7, 8, 9, 10, 11],
[12, 13, 14, 15, 16, 17],
[18, 19, 20, 21, 22],
[23, 24, 25, 26, 27],
[28, 29, 30, 31, 32],
[33, 34, 35, 36, 37, 38],
[39, 40, 41, 42, 43, 44],
[45, 46, 47, 48, 49, 50],
[51, 52, 53, 54, 55, 56]],

[[0, 6, 12, 18, 23, 28],
[1, 32, 38, 44, 50, 56],
[2, 37, 43, 49, 55],
[3, 27, 36, 42, 48, 54],
[4, 22, 26, 41, 47, 53],
[5, 11, 17, 40, 46, 52],
[10, 16, 39, 45, 51],
[9, 15, 21, 25, 31, 35],
[8, 14, 20, 24, 30, 34],
[7, 13, 19, 29, 33]],

[[0, 7, 14, 21, 26],
[1, 6, 13, 20, 39, 48],
[2, 8, 12, 19, 40, 45],
[3, 9, 16, 18, 34],
[4, 10, 15, 23, 29, 54],
[5, 24, 28, 33, 56],
[11, 22, 35, 44, 49, 51],
[17, 30, 36, 41, 50, 55],
[25, 32, 37, 42, 46, 53],
[27, 31, 38, 43, 47, 52]],

[[0, 8, 13, 25, 36],
[1, 24, 35, 42, 47, 55],
[2, 31, 41, 48, 56],
[3, 15, 20, 43, 50, 53],
[4, 18, 32, 39, 49, 52],
[5, 7, 37, 44, 45, 54],
[9, 12, 38, 46, 51],
[6, 14, 22, 27, 29, 40],
[10, 17, 19, 26, 28, 34],
[11, 16, 21, 23, 30, 33]],

[[0, 9, 17, 20, 27, 32],
[1, 7, 12, 34, 41],
[2, 6, 15, 24, 44, 52],
[3, 8, 21, 29, 37, 39],
[4, 11, 13, 28, 45, 55],
[5, 10, 14, 18, 25, 47],
[16, 19, 35, 48, 53],
[22, 23, 36, 43, 46, 56],
[30, 38, 40, 49, 54],
[26, 31, 33, 42, 50, 51]],

[[0, 10, 22, 37, 50],
[1, 8, 16, 28, 46, 54],
[2, 11, 18, 29, 38, 53],
[3, 6, 26, 30, 35, 56],
[4, 12, 20, 31, 36, 44],
[5, 15, 19, 27, 39, 55],
[25, 33, 41, 45, 52],
[7, 17, 24, 43, 48, 51],
[9, 14, 23, 42, 49],
[13, 21, 32, 34, 40, 47]]]