[[[0, 1, 2, 3, 4, 5],
[6, 7, 8, 9, 10, 11],
[12, 13, 14, 15, 16, 17],
[18, 19, 20, 21, 22, 23],
[24, 25, 26, 27, 28, 29],
[30, 31, 32, 33, 34],
[35, 36, 37, 38, 39, 40],
[41, 42, 43, 44, 45, 46],
[47, 48, 49, 50, 51, 52],
[53, 54, 55, 56, 57, 58]],

[[0, 6, 12, 18, 24, 30],
[1, 34, 40, 46, 52, 58],
[2, 39, 45, 51, 57],
[3, 29, 38, 44, 50, 56],
[4, 23, 28, 43, 49, 55],
[5, 11, 17, 42, 48, 54],
[10, 16, 22, 41, 47, 53],
[9, 15, 21, 27, 33, 37],
[8, 14, 20, 26, 32, 36],
[7, 13, 19, 25, 31, 35]],

[[0, 7, 14, 21, 28],
[1, 6, 13, 20, 41, 50],
[2, 8, 12, 19, 42, 47],
[3, 9, 16, 18, 25, 36],
[4, 10, 15, 24, 31, 56],
[5, 22, 26, 30, 35, 58],
[11, 23, 37, 46, 51, 53],
[17, 32, 38, 43, 52, 57],
[27, 34, 39, 44, 48, 55],
[29, 33, 40, 45, 49, 54]],

[[0, 8, 13, 22, 27, 38],
[1, 26, 37, 44, 49, 57],
[2, 25, 33, 43, 50, 58],
[3, 15, 20, 45, 52, 55],
[4, 18, 34, 41, 51, 54],
[5, 7, 39, 46, 47, 56],
[9, 12, 40, 48, 53],
[6, 14, 23, 29, 31, 42],
[10, 17, 19, 28, 30, 36],
[11, 16, 21, 24, 32, 35]],

[[0, 9, 17, 20, 29, 34],
[1, 7, 12, 22, 36, 43],
[2, 6, 15, 26, 46, 54],
[3, 8, 21, 31, 39, 41],
[4, 11, 13, 30, 47, 57],
[5, 10, 14, 18, 27, 49],
[16, 19, 37, 50, 55],
[23, 24, 38, 45, 48, 58],
[25, 32, 40, 42, 51, 56],
[28, 33, 35, 44, 52, 53]],

[[0, 10, 23, 25, 39, 52],
[1, 8, 16, 30, 48, 56],
[2, 11, 18, 31, 40, 55],
[3, 6, 28, 32, 37, 58],
[4, 12, 20, 33, 38, 46],
[5, 15, 19, 29, 41, 57],
[27, 35, 43, 47, 54],
[7, 17, 26, 45, 50, 53],
[9, 14, 22, 24, 44, 51],
[13, 21, 34, 36, 42, 49]]]