[[[0, 11, 22, 33, 44],
[1, 12, 24, 36, 48],
[2, 13, 26, 39, 52],
[3, 14, 28, 42, 45],
[4, 15, 30, 34, 49],
[5, 16, 32, 37, 53],
[6, 17, 23, 40, 46],
[7, 18, 25, 43, 50],
[8, 19, 27, 35, 54],
[9, 20, 29, 38, 47],
[10, 21, 31, 41, 51],
[55, 66, 85, 96],
[56, 67, 78, 88, 100],
[57, 68, 79, 91, 104],
[58, 69, 81, 94, 97],
[59, 70, 82, 86, 101],
[60, 71, 84, 89, 105],
[61, 72, 77, 92, 98],
[62, 73, 95, 102],
[63, 74, 80, 87, 106],
[64, 75, 90, 99],
[65, 76, 83, 93, 103]],

[[0, 12, 23, 34, 45],
[1, 13, 25, 37, 49],
[2, 14, 27, 40, 53],
[3, 15, 29, 43, 46],
[4, 16, 31, 35, 50],
[5, 17, 22, 38, 54],
[6, 18, 24, 41, 47],
[7, 19, 26, 33, 51],
[8, 20, 28, 36, 44],
[9, 21, 30, 39, 48],
[10, 11, 32, 42, 52],
[55, 67, 77, 86, 97],
[56, 68, 89, 101],
[57, 69, 80, 92, 105],
[58, 70, 95, 98],
[59, 71, 83, 87, 102],
[60, 72, 90, 106],
[61, 73, 78, 93, 99],
[62, 74, 79, 85, 103],
[63, 75, 81, 88, 96],
[64, 76, 82, 91, 100],
[65, 66, 84, 94, 104]],

[[0, 13, 24, 35, 46],
[1, 14, 26, 38, 50],
[2, 15, 28, 41, 54],
[3, 16, 30, 33, 47],
[4, 17, 32, 36, 51],
[5, 18, 23, 39, 44],
[6, 19, 25, 42, 48],
[7, 20, 27, 34, 52],
[8, 21, 29, 37, 45],
[9, 11, 31, 40, 49],
[10, 12, 22, 43, 53],
[55, 68, 78, 87, 98],
[56, 69, 79, 90, 102],
[57, 70, 81, 93, 106],
[58, 71, 82, 85, 99],
[59, 72, 84, 88, 103],
[60, 73, 77, 91, 96],
[61, 74, 94, 100],
[62, 75, 80, 86, 104],
[63, 76, 89, 97],
[64, 66, 83, 92, 101],
[65, 67, 95, 105]],

[[0, 14, 25, 36, 47],
[1, 15, 27, 39, 51],
[2, 16, 29, 42, 44],
[3, 17, 31, 34, 48],
[4, 18, 22, 37, 52],
[5, 19, 24, 40, 45],
[6, 20, 26, 43, 49],
[7, 21, 28, 35, 53],
[8, 11, 30, 38, 46],
[9, 12, 32, 41, 50],
[10, 13, 23, 33, 54],
[55, 69, 88, 99],
[56, 70, 80, 91, 103],
[57, 71, 94, 96],
[58, 72, 83, 86, 100],
[59, 73, 89, 104],
[60, 74, 78, 92, 97],
[61, 75, 79, 95, 101],
[62, 76, 81, 87, 105],
[63, 66, 82, 90, 98],
[64, 67, 84, 93, 102],
[65, 68, 77, 85, 106]],

[[0, 15, 26, 37, 48],
[1, 16, 28, 40, 52],
[2, 17, 30, 43, 45],
[3, 18, 32, 35, 49],
[4, 19, 23, 38, 53],
[5, 20, 25, 41, 46],
[6, 21, 27, 33, 50],
[7, 11, 29, 36, 54],
[8, 12, 31, 39, 47],
[9, 13, 22, 42, 51],
[10, 14, 24, 34, 44],
[55, 70, 79, 89, 100],
[56, 71, 81, 92, 104],
[57, 72, 82, 95, 97],
[58, 73, 84, 87, 101],
[59, 74, 77, 90, 105],
[60, 75, 93, 98],
[61, 76, 80, 85, 102],
[62, 66, 88, 106],
[63, 67, 83, 91, 99],
[64, 68, 94, 103],
[65, 69, 78, 86, 96]],

[[0, 16, 27, 38, 49],
[1, 17, 29, 41, 53],
[2, 18, 31, 33, 46],
[3, 19, 22, 36, 50],
[4, 20, 24, 39, 54],
[5, 21, 26, 42, 47],
[6, 11, 28, 34, 51],
[7, 12, 30, 37, 44],
[8, 13, 32, 40, 48],
[9, 14, 23, 43, 52],
[10, 15, 25, 35, 45],
[55, 71, 80, 90, 101],
[56, 72, 93, 105],
[57, 73, 83, 85, 98],
[58, 74, 88, 102],
[59, 75, 78, 91, 106],
[60, 76, 79, 94, 99],
[61, 66, 81, 86, 103],
[62, 67, 82, 89, 96],
[63, 68, 84, 92, 100],
[64, 69, 77, 95, 104],
[65, 70, 87, 97]],

[[0, 17, 28, 39, 50],
[1, 18, 30, 42, 54],
[2, 19, 32, 34, 47],
[3, 20, 23, 37, 51],
[4, 21, 25, 40, 44],
[5, 11, 27, 43, 48],
[6, 12, 29, 35, 52],
[7, 13, 31, 38, 45],
[8, 14, 22, 41, 49],
[9, 15, 24, 33, 53],
[10, 16, 26, 36, 46],
[55, 72, 81, 91, 102],
[56, 73, 82, 94, 106],
[57, 74, 84, 86, 99],
[58, 75, 77, 89, 103],
[59, 76, 92, 96],
[60, 66, 80, 95, 100],
[61, 67, 87, 104],
[62, 68, 83, 90, 97],
[63, 69, 93, 101],
[64, 70, 78, 85, 105],
[65, 71, 79, 88, 98]],

[[0, 18, 29, 40, 51],
[1, 19, 31, 43, 44],
[2, 20, 22, 35, 48],
[3, 21, 24, 38, 52],
[4, 11, 26, 41, 45],
[5, 12, 28, 33, 49],
[6, 13, 30, 36, 53],
[7, 14, 32, 39, 46],
[8, 15, 23, 42, 50],
[9, 16, 25, 34, 54],
[10, 17, 27, 37, 47],
[55, 73, 92, 103],
[56, 74, 83, 95, 96],
[57, 75, 87, 100],
[58, 76, 78, 90, 104],
[59, 66, 79, 93, 97],
[60, 67, 81, 85, 101],
[61, 68, 82, 88, 105],
[62, 69, 84, 91, 98],
[63, 70, 77, 94, 102],
[64, 71, 86, 106],
[65, 72, 80, 89, 99]],

[[0, 19, 30, 41, 52],
[1, 20, 32, 33, 45],
[2, 21, 23, 36, 49],
[3, 11, 25, 39, 53],
[4, 12, 27, 42, 46],
[5, 13, 29, 34, 50],
[6, 14, 31, 37, 54],
[7, 15, 22, 40, 47],
[8, 16, 24, 43, 51],
[9, 17, 26, 35, 44],
[10, 18, 28, 38, 48],
[55, 74, 82, 93, 104],
[56, 75, 84, 85, 97],
[57, 76, 77, 88, 101],
[58, 66, 91, 105],
[59, 67, 80, 94, 98],
[60, 68, 86, 102],
[61, 69, 83, 89, 106],
[62, 70, 92, 99],
[63, 71, 78, 95, 103],
[64, 72, 79, 87, 96],
[65, 73, 81, 90, 100]],

[[0, 20, 31, 42, 53],
[1, 21, 22, 34, 46],
[2, 11, 24, 37, 50],
[3, 12, 26, 40, 54],
[4, 13, 28, 43, 47],
[5, 14, 30, 35, 51],
[6, 15, 32, 38, 44],
[7, 16, 23, 41, 48],
[8, 17, 25, 33, 52],
[9, 18, 27, 36, 45],
[10, 19, 29, 39, 49],
[55, 75, 83, 94, 105],
[56, 76, 86, 98],
[57, 66, 78, 89, 102],
[58, 67, 79, 92, 106],
[59, 68, 81, 95, 99],
[60, 69, 82, 87, 103],
[61, 70, 84, 90, 96],
[62, 71, 77, 93, 100],
[63, 72, 85, 104],
[64, 73, 80, 88, 97],
[65, 74, 91, 101]],

[[0, 21, 32, 43, 54],
[1, 11, 23, 35, 47],
[2, 12, 25, 38, 51],
[3, 13, 27, 41, 44],
[4, 14, 29, 33, 48],
[5, 15, 31, 36, 52],
[6, 16, 22, 39, 45],
[7, 17, 24, 42, 49],
[8, 18, 26, 34, 53],
[9, 19, 28, 37, 46],
[10, 20, 30, 40, 50],
[55, 76, 84, 95, 106],
[56, 66, 77, 87, 99],
[57, 67, 90, 103],
[58, 68, 80, 93, 96],
[59, 69, 85, 100],
[60, 70, 83, 88, 104],
[61, 71, 91, 97],
[62, 72, 78, 94, 101],
[63, 73, 79, 86, 105],
[64, 74, 81, 89, 98],
[65, 75, 82, 92, 102]],

[[0, 1, 2, 91, 94],
[3, 4, 5, 6, 101],
[7, 8, 9, 10, 104],
[39, 42, 55, 56, 57],
[49, 58, 59, 60, 61],
[52, 62, 63, 64, 65],
[11, 15, 20, 86, 92],
[12, 16, 21, 87, 89],
[13, 17, 18, 88, 95],
[14, 19, 85, 90, 93],
[34, 40, 66, 70, 75],
[35, 37, 67, 71, 76],
[36, 43, 68, 72, 73],
[33, 38, 41, 69, 74],
[22, 26, 31, 96, 102],
[23, 27, 32, 98, 106],
[24, 28, 29, 100, 103],
[25, 30, 97, 99, 105],
[44, 50, 79, 83],
[46, 54, 77, 80, 84],
[48, 51, 78, 81],
[45, 47, 53, 82]],

[[11, 12, 13, 61, 64],
[14, 15, 16, 17, 80],
[18, 19, 20, 21, 82],
[50, 53, 66, 67, 68],
[27, 69, 70, 71, 72],
[30, 73, 74, 75, 76],
[0, 4, 9, 56, 62],
[1, 5, 10, 57, 59],
[2, 6, 7, 58, 65],
[3, 8, 55, 60, 63],
[45, 51, 96, 100, 105],
[46, 48, 97, 101, 106],
[47, 54, 98, 102, 103],
[44, 49, 52, 99, 104],
[33, 37, 42, 81],
[34, 38, 43, 78, 84],
[35, 39, 40, 79],
[36, 41, 77, 83],
[22, 28, 85, 89, 94],
[24, 32, 86, 90, 95],
[26, 29, 87, 91, 92],
[23, 25, 31, 88, 93]],

[[28, 31, 77, 78],
[5, 79, 80, 81],
[8, 82, 83, 84],
[33, 34, 35, 102, 105],
[36, 37, 38, 39, 90],
[40, 41, 42, 43, 93],
[23, 29, 55, 59, 64],
[24, 26, 56, 60, 65],
[25, 32, 57, 61, 62],
[22, 27, 30, 58, 63],
[11, 14, 18, 97, 103],
[12, 15, 19, 98, 100],
[13, 16, 20, 99, 106],
[17, 21, 96, 101, 104],
[0, 6, 66, 69, 73],
[2, 10, 67, 70, 74],
[4, 7, 68, 71, 75],
[1, 3, 9, 72, 76],
[44, 48, 53, 85, 91],
[45, 49, 54, 87, 95],
[46, 50, 51, 89, 92],
[47, 52, 86, 88, 94]]]