[[[0, 1, 2, 3, 4, 5],
[6, 7, 8, 9, 10, 11],
[12, 13, 14, 15, 16],
[17, 18, 19, 20, 21],
[22, 23, 24, 25, 26],
[27, 28, 29, 30, 31],
[32, 33, 34, 35, 36, 37],
[38, 39, 40, 41, 42, 43],
[44, 45, 46, 47, 48, 49],
[50, 51, 52, 53, 54, 55]],

[[0, 6, 12, 17, 22, 27],
[1, 31, 37, 43, 49, 55],
[2, 36, 42, 48, 54],
[3, 26, 35, 41, 47, 53],
[4, 21, 25, 40, 46, 52],
[5, 11, 39, 45, 51],
[10, 16, 38, 44, 50],
[9, 15, 20, 24, 30, 34],
[8, 14, 19, 23, 29, 33],
[7, 13, 18, 28, 32]],

[[0, 7, 14, 20, 25],
[1, 6, 13, 19, 38, 47],
[2, 8, 12, 18, 39, 44],
[3, 9, 16, 17, 33],
[4, 10, 15, 22, 28, 53],
[5, 23, 27, 32, 55],
[11, 21, 34, 43, 48, 50],
[29, 35, 40, 49, 54],
[24, 31, 36, 41, 45, 52],
[26, 30, 37, 42, 46, 51]],

[[0, 8, 13, 24, 35],
[1, 23, 34, 41, 46, 54],
[2, 30, 40, 47, 55],
[3, 15, 19, 42, 49, 52],
[4, 17, 31, 38, 48, 51],
[5, 7, 36, 43, 44, 53],
[9, 12, 37, 45, 50],
[6, 14, 21, 26, 28, 39],
[10, 18, 25, 27, 33],
[11, 16, 20, 22, 29, 32]],

[[0, 9, 19, 26, 31],
[1, 7, 12, 33, 40],
[2, 6, 15, 23, 43, 51],
[3, 8, 20, 28, 36, 38],
[4, 11, 13, 27, 44, 54],
[5, 10, 14, 17, 24, 46],
[16, 18, 34, 47, 52],
[21, 22, 35, 42, 45, 55],
[29, 37, 39, 48, 53],
[25, 30, 32, 41, 49, 50]],

[[0, 10, 21, 36, 49],
[1, 8, 16, 27, 45, 53],
[2, 11, 17, 28, 37, 52],
[3, 6, 25, 29, 34, 55],
[4, 12, 19, 30, 35, 43],
[5, 15, 18, 26, 38, 54],
[24, 32, 40, 44, 51],
[7, 23, 42, 47, 50],
[9, 14, 22, 41, 48],
[13, 20, 31, 33, 39, 46]]]