[[[0,1,2,3,4],
[5,6,7,8,9],
[10,11,12,13,14],
[15,16,17,18,19],
[20,21,22,23,24],
[25,26,27,28,29],
[30,31,32,33,34],
[35,36,37,38]],

[[0,6,12,18,24],
[1,5,13,17,29],
[2,8,10,16,34],
[3,7,11,15],
[4,20,26,32,38],
[9,21,25,33,37],
[14,22,28,30,36],
[19,23,27,31,35]],

[[0,11,22,29,33],
[5,16,24,27,38],
[1,10,23,32],
[6,15,28,34,37],
[2,9,13,20,31],
[4,7,18,25,36],
[3,12,19,21,30],
[8,14,17,26,35]],

[[0,9,16,28,32],
[4,5,11,23,37],
[6,10,19,22,38],
[1,14,15,27,33],
[8,12,20,29,36],
[3,17,24,25,31],
[2,18,26,30],
[7,13,21,34,35]],

[[0,8,21,27],
[3,5,22,26,34],
[10,18,29,31,37],
[13,15,24,32,36],
[1,7,19,20,28],
[2,6,14,23,25],
[9,11,17,30,38],
[4,12,16,33,35]],

[[0,13,19,26,37],
[5,14,18,21,32],
[3,9,10,27,36],
[4,8,15,22,31],
[6,17,20,33],
[1,12,25,34,38],
[7,16,23,29,30],
[2,11,24,28,35]],

[[0,7,14,31,38],
[2,5,19,33,36],
[4,10,17,21,28],
[9,12,15,23,26],
[11,18,20,27,34],
[13,16,22,25],
[1,8,24,30,37],
[3,6,29,32,35]],

[[0,17,23,34,36],
[5,12,28,31],
[7,10,24,26,33],
[2,15,21,29,38],
[3,14,16,20,37],
[8,11,19,25,32],
[4,6,13,27,30],
[1,9,18,22,35]]]