[[[4, 15, 17, 24, 28],
[0, 6, 26, 39, 43],
[3, 5, 14, 20, 38],
[2, 10, 25, 29, 31],
[8, 18, 23, 36],
[7, 12, 32, 40, 42],
[34, 37, 44, 45, 46],
[16, 22, 30, 33, 47],
[1, 11, 13, 19, 35],
[9, 21, 27, 41]],

[[7, 19, 37, 39, 41],
[14, 15, 16, 21, 44],
[0, 9, 22, 28],
[2, 5, 27, 35, 45],
[1, 23, 26, 32],
[6, 10, 12, 20, 30],
[3, 31, 34, 42, 43],
[8, 13, 17, 33, 38],
[24, 29, 36, 40, 47],
[4, 11, 18, 25, 46]],

[[18, 20, 28, 31, 44],
[7, 23, 24, 27, 33],
[2, 17, 30, 41, 43],
[3, 13, 40, 46],
[1, 9, 14, 39, 42],
[8, 10, 15, 19, 47],
[4, 6, 22, 36, 37],
[0, 12, 25, 38, 45],
[21, 32, 34, 35],
[5, 11, 16, 26, 29]],

[[9, 13, 15, 20, 25],
[22, 24, 35, 39],
[8, 12, 31, 41, 46],
[2, 4, 7, 21, 26],
[3, 10, 16, 37],
[11, 23, 40, 43, 45],
[1, 6, 18, 38, 47],
[0, 17, 27, 29, 32],
[5, 33, 36, 42, 44],
[14, 19, 28, 30, 34]],

[[12, 19, 21, 29, 33],
[25, 26, 42, 47],
[0, 10, 35, 40, 41],
[15, 31, 32, 36, 38],
[3, 8, 11, 30, 44],
[13, 27, 28, 37, 43],
[4, 5, 23, 34, 39],
[6, 14, 17, 45],
[1, 7, 20, 22, 46],
[2, 9, 16, 18, 24]],

[[5, 25, 30, 37],
[10, 13, 21, 36, 39],
[1, 4, 8, 16, 45],
[3, 23, 28, 41, 47],
[14, 18, 33, 35, 43],
[2, 6, 19, 32, 46],
[9, 17, 26, 31, 40],
[12, 15, 22, 27, 34],
[0, 11, 20, 24, 42],
[7, 29, 38, 44]],

[[10, 17, 22, 23, 44],
[21, 30, 38, 42, 46],
[2, 8, 20, 37, 40],
[1, 5, 12, 43],
[13, 24, 26, 34, 41],
[11, 14, 27, 31, 47],
[3, 4, 9, 32, 33],
[6, 7, 25, 28, 35],
[0, 16, 19, 36],
[15, 18, 29, 39, 45]]]