[[[0, 1, 2, 3, 4, 5],
[6, 7, 8, 9, 10, 11],
[12, 13, 14, 15, 16, 17],
[18, 19, 20, 21, 22, 23],
[24, 25, 26, 27, 28],
[29, 30, 31, 32, 33],
[34, 35, 36, 37, 38, 39],
[40, 41, 42, 43, 44, 45],
[46, 47, 48, 49, 50, 51],
[52, 53, 54, 55, 56, 57]],

[[0, 6, 12, 18, 24, 29],
[1, 33, 39, 45, 51, 57],
[2, 38, 44, 50, 56],
[3, 28, 37, 43, 49, 55],
[4, 23, 27, 42, 48, 54],
[5, 11, 17, 41, 47, 53],
[10, 16, 22, 40, 46, 52],
[9, 15, 21, 26, 32, 36],
[8, 14, 20, 25, 31, 35],
[7, 13, 19, 30, 34]],

[[0, 7, 14, 21, 27],
[1, 6, 13, 20, 40, 49],
[2, 8, 12, 19, 41, 46],
[3, 9, 16, 18, 35],
[4, 10, 15, 24, 30, 55],
[5, 22, 25, 29, 34, 57],
[11, 23, 36, 45, 50, 52],
[17, 31, 37, 42, 51, 56],
[26, 33, 38, 43, 47, 54],
[28, 32, 39, 44, 48, 53]],

[[0, 8, 13, 22, 26, 37],
[1, 25, 36, 43, 48, 56],
[2, 32, 42, 49, 57],
[3, 15, 20, 44, 51, 54],
[4, 18, 33, 40, 50, 53],
[5, 7, 38, 45, 46, 55],
[9, 12, 39, 47, 52],
[6, 14, 23, 28, 30, 41],
[10, 17, 19, 27, 29, 35],
[11, 16, 21, 24, 31, 34]],

[[0, 9, 17, 20, 28, 33],
[1, 7, 12, 22, 35, 42],
[2, 6, 15, 25, 45, 53],
[3, 8, 21, 30, 38, 40],
[4, 11, 13, 29, 46, 56],
[5, 10, 14, 18, 26, 48],
[16, 19, 36, 49, 54],
[23, 24, 37, 44, 47, 57],
[31, 39, 41, 50, 55],
[27, 32, 34, 43, 51, 52]],

[[0, 10, 23, 38, 51],
[1, 8, 16, 29, 47, 55],
[2, 11, 18, 30, 39, 54],
[3, 6, 27, 31, 36, 57],
[4, 12, 20, 32, 37, 45],
[5, 15, 19, 28, 40, 56],
[26, 34, 42, 46, 53],
[7, 17, 25, 44, 49, 52],
[9, 14, 22, 24, 43, 50],
[13, 21, 33, 35, 41, 48]]]