[[[4, 15, 17, 24, 28],
[0, 6, 26, 40, 44],
[3, 5, 14, 20, 39],
[2, 10, 25, 29, 31],
[8, 18, 23, 36, 37],
[7, 12, 32, 41, 43],
[34, 38, 45, 46, 47],
[16, 22, 30, 33, 48],
[1, 11, 13, 19, 35],
[9, 21, 27, 42]],

[[7, 19, 38, 40, 42],
[14, 15, 16, 21, 45],
[0, 9, 22, 28, 37],
[2, 5, 27, 35, 46],
[1, 23, 26, 32],
[6, 10, 12, 20, 30],
[3, 31, 34, 43, 44],
[8, 13, 17, 33, 39],
[24, 29, 36, 41, 48],
[4, 11, 18, 25, 47]],

[[18, 20, 28, 31, 45],
[7, 23, 24, 27, 33],
[2, 17, 30, 42, 44],
[3, 13, 41, 47],
[1, 9, 14, 40, 43],
[8, 10, 15, 19, 48],
[4, 6, 22, 36, 38],
[0, 12, 25, 39, 46],
[21, 32, 34, 35, 37],
[5, 11, 16, 26, 29]],

[[9, 13, 15, 20, 25],
[22, 24, 35, 40],
[8, 12, 31, 42, 47],
[2, 4, 7, 21, 26],
[3, 10, 16, 37, 38],
[11, 23, 41, 44, 46],
[1, 6, 18, 39, 48],
[0, 17, 27, 29, 32],
[5, 33, 36, 43, 45],
[14, 19, 28, 30, 34]],

[[12, 19, 21, 29, 33],
[25, 26, 37, 43, 48],
[0, 10, 35, 41, 42],
[15, 31, 32, 36, 39],
[3, 8, 11, 30, 45],
[13, 27, 28, 38, 44],
[4, 5, 23, 34, 40],
[6, 14, 17, 46],
[1, 7, 20, 22, 47],
[2, 9, 16, 18, 24]],

[[5, 25, 30, 38],
[10, 13, 21, 36, 40],
[1, 4, 8, 16, 46],
[3, 23, 28, 42, 48],
[14, 18, 33, 35, 44],
[2, 6, 19, 32, 47],
[9, 17, 26, 31, 41],
[12, 15, 22, 27, 34],
[0, 11, 20, 24, 43],
[7, 29, 37, 39, 45]],

[[10, 17, 22, 23, 45],
[21, 30, 39, 43, 47],
[2, 8, 20, 38, 41],
[1, 5, 12, 37, 44],
[13, 24, 26, 34, 42],
[11, 14, 27, 31, 48],
[3, 4, 9, 32, 33],
[6, 7, 25, 28, 35],
[0, 16, 19, 36],
[15, 18, 29, 40, 46]]]