[[[0,1,2,3,4,5],
[6,7,8,9,10,11],
[12,13,14,15,16,17],
[18,19,20,21,22,23],
[24,25,26,27,28,29],
[30,31,32,33,34,35],
[36,37,38,39,40],
[41,42,43,44,45],
[46,47,48,49,50]],

[[0,7,14,21,28,35],
[2,6,13,23,27,34],
[1,8,12,22,29,33],
[18,25,32,39,45],
[20,24,31,44,50],
[19,26,30,40,49],
[3,10,17,36,42,48],
[5,9,16,38,41,47],
[4,11,15,37,43,46]],

[[0,8,13,39,50],
[1,6,14,40,44],
[2,7,12,45,49],
[3,11,16,18,26,31],
[4,9,17,19,24,32],
[5,10,15,20,25,30],
[21,29,34,36,43,47],
[22,27,35,37,41,48],
[23,28,33,38,42,46]],

[[0,11,19,27,38,45],
[6,17,25,33,43,50],
[5,12,21,31,40,48],
[2,10,18,29,37,44],
[8,16,24,35,42,49],
[4,14,23,30,39,47],
[1,9,20,28,36],
[7,15,26,34,41],
[3,13,22,32,46]],

[[0,16,23,25,44,48],
[4,6,29,31,38,49],
[10,12,19,35,39,43],
[9,14,18,34,42],
[2,15,22,24,47],
[3,8,28,30,37],
[5,7,27,32,36,50],
[11,13,20,33,40,41],
[1,17,21,26,45,46]],

[[0,9,22,31,43],
[6,15,19,28,48],
[3,12,25,34,38],
[8,17,18,27,40,47],
[5,14,24,33,37,45],
[2,11,21,30,42,50],
[4,13,26,35,36,44],
[1,10,23,32,41,49],
[7,16,20,29,39,46]],

[[0,17,20,34,37,49],
[5,6,22,26,39,42],
[11,12,28,32,44,47],
[1,15,18,35,38,50],
[3,7,23,24,40,43],
[9,13,29,30,45,48],
[2,16,19,33,36],
[4,8,21,25,41],
[10,14,27,31,46]],

[[0,15,29,32,40,42],
[3,6,20,35,45,47],
[9,12,23,26,37,50],
[4,7,18,33,48],
[10,13,21,24,38],
[1,16,27,30,43],
[11,14,22,25,36,49],
[2,17,28,31,39,41],
[5,8,19,34,44,46]],

[[0,10,26,33,47],
[6,16,21,32,37],
[4,12,20,27,42],
[5,13,18,28,43,49],
[1,11,24,34,39,48],
[7,17,22,30,38,44],
[8,15,23,31,36,45],
[3,14,19,29,41,50],
[2,9,25,35,40,46]]]