[[[4, 15, 17, 24, 28, 51],
[0, 6, 26, 41, 45, 52],
[3, 5, 14, 20, 40],
[2, 10, 25, 29, 31],
[8, 18, 23, 36, 37],
[7, 12, 32, 42, 44],
[34, 39, 46, 47, 48],
[16, 22, 30, 33, 49],
[1, 11, 13, 19, 35, 50],
[9, 21, 27, 38, 43]],

[[7, 19, 39, 41, 43],
[14, 15, 16, 21, 46],
[0, 9, 22, 28, 37],
[2, 5, 27, 35, 47, 51],
[1, 23, 26, 32, 38],
[6, 10, 12, 20, 30],
[3, 31, 34, 44, 45],
[8, 13, 17, 33, 40],
[24, 29, 36, 42, 49, 50],
[4, 11, 18, 25, 48, 52]],

[[18, 20, 28, 31, 46, 50],
[7, 23, 24, 27, 33],
[2, 17, 30, 43, 45],
[3, 13, 38, 42, 48],
[1, 9, 14, 41, 44, 51],
[8, 10, 15, 19, 49],
[4, 6, 22, 36, 39],
[0, 12, 25, 40, 47],
[21, 32, 34, 35, 37, 52],
[5, 11, 16, 26, 29]],

[[9, 13, 15, 20, 25],
[22, 24, 35, 38, 41],
[8, 12, 31, 43, 48, 51],
[2, 4, 7, 21, 26],
[3, 10, 16, 37, 39, 50],
[11, 23, 42, 45, 47],
[1, 6, 18, 40, 49],
[0, 17, 27, 29, 32],
[5, 33, 36, 44, 46, 52],
[14, 19, 28, 30, 34]],


[[5, 25, 30, 38, 39],
[10, 13, 21, 36, 41],
[1, 4, 8, 16, 47],
[3, 23, 28, 43, 49, 52],
[14, 18, 33, 35, 45],
[2, 6, 19, 32, 48],
[9, 17, 26, 31, 42],
[12, 15, 22, 27, 34, 50],
[0, 11, 20, 24, 44],
[7, 29, 37, 40, 46, 51]],

[[10, 17, 22, 23, 46],
[21, 30, 40, 44, 48, 50],
[2, 8, 20, 39, 42, 52],
[1, 5, 12, 37, 45],
[13, 24, 26, 34, 43],
[11, 14, 27, 31, 49],
[3, 4, 9, 32, 33],
[6, 7, 25, 28, 35],
[0, 16, 19, 36, 38, 51],
[15, 18, 29, 41, 47]]]