[[[0,1,2,3,4],
[5,6,7,8,9],
[10,11,12,13,14],
[15,16,17,18,19],
[20,21,22,23,24],
[25,26,27,28],
[29,30,31,32]],

[[0,6,12,18,24],
[5,11,17,23],
[10,16,22,28],
[4,15,21,27,32],
[3,9,20,26,31],
[2,8,14,25,30],
[1,7,13,19,29]],

[[0,9,11,22,32],
[3,5,14,16,27],
[8,10,19,21,31],
[2,13,15,24,26],
[7,18,20,30],
[1,12,23,25],
[4,6,17,28,29]],

[[0,13,16,31],
[2,5,18,21],
[4,7,10,23,26],
[9,12,15,28,30],
[1,14,17,20,32],
[3,6,19,22,25],
[8,11,24,27,29]],

[[0,7,14,21,28],
[5,12,19,26,32],
[3,10,17,24,30],
[1,8,15,22],
[6,13,20,27],
[4,11,18,25,31],
[2,9,16,23,29]],

[[0,8,17,26],
[4,5,13,22,30],
[1,9,10,18,27],
[6,14,15,23,31],
[2,11,19,20,28],
[7,16,24,25,32],
[3,12,21,29]],

[[0,19,23,27,30],
[1,5,24,28,31],
[2,6,10,32],
[3,7,11,15],
[4,8,12,16,20],
[9,13,17,21,25],
[14,18,22,26,29]]]