[[[0, 9, 20, 31, 42],
[1, 10, 22, 34, 46],
[2, 11, 24, 37, 50],
[12, 26, 40, 43],
[3, 13, 28, 32, 47],
[4, 14, 30, 35, 51],
[5, 15, 21, 38, 44],
[16, 23, 41, 48],
[6, 17, 25, 33, 52],
[7, 18, 27, 36, 45],
[8, 19, 29, 39, 49],
[53, 64, 83, 94],
[54, 65, 76, 86, 98],
[55, 66, 77, 89, 102],
[56, 67, 79, 92, 95],
[57, 68, 80, 84, 99],
[58, 69, 82, 87, 103],
[59, 70, 75, 90, 96],
[60, 71, 93, 100],
[61, 72, 78, 85, 104],
[62, 73, 88, 97],
[63, 74, 81, 91, 101]],

[[0, 10, 21, 32, 43],
[1, 11, 23, 35, 47],
[2, 12, 25, 38, 51],
[13, 27, 41, 44],
[3, 14, 29, 33, 48],
[4, 15, 20, 36, 52],
[5, 16, 22, 39, 45],
[17, 24, 31, 49],
[6, 18, 26, 34, 42],
[7, 19, 28, 37, 46],
[8, 9, 30, 40, 50],
[53, 65, 75, 84, 95],
[54, 66, 87, 99],
[55, 67, 78, 90, 103],
[56, 68, 93, 96],
[57, 69, 81, 85, 100],
[58, 70, 88, 104],
[59, 71, 76, 91, 97],
[60, 72, 77, 83, 101],
[61, 73, 79, 86, 94],
[62, 74, 80, 89, 98],
[63, 64, 82, 92, 102]],

[[0, 11, 22, 33, 44],
[1, 12, 24, 36, 48],
[2, 13, 26, 39, 52],
[14, 28, 31, 45],
[3, 15, 30, 34, 49],
[4, 16, 21, 37, 42],
[5, 17, 23, 40, 46],
[18, 25, 32, 50],
[6, 19, 27, 35, 43],
[7, 9, 29, 38, 47],
[8, 10, 20, 41, 51],
[53, 66, 76, 85, 96],
[54, 67, 77, 88, 100],
[55, 68, 79, 91, 104],
[56, 69, 80, 83, 97],
[57, 70, 82, 86, 101],
[58, 71, 75, 89, 94],
[59, 72, 92, 98],
[60, 73, 78, 84, 102],
[61, 74, 87, 95],
[62, 64, 81, 90, 99],
[63, 65, 93, 103]],

[[0, 12, 23, 34, 45],
[1, 13, 25, 37, 49],
[2, 14, 27, 40, 42],
[15, 29, 32, 46],
[3, 16, 20, 35, 50],
[4, 17, 22, 38, 43],
[5, 18, 24, 41, 47],
[19, 26, 33, 51],
[6, 9, 28, 36, 44],
[7, 10, 30, 39, 48],
[8, 11, 21, 31, 52],
[53, 67, 86, 97],
[54, 68, 78, 89, 101],
[55, 69, 92, 94],
[56, 70, 81, 84, 98],
[57, 71, 87, 102],
[58, 72, 76, 90, 95],
[59, 73, 77, 93, 99],
[60, 74, 79, 85, 103],
[61, 64, 80, 88, 96],
[62, 65, 82, 91, 100],
[63, 66, 75, 83, 104]],

[[0, 13, 24, 35, 46],
[1, 14, 26, 38, 50],
[2, 15, 28, 41, 43],
[16, 30, 33, 47],
[3, 17, 21, 36, 51],
[4, 18, 23, 39, 44],
[5, 19, 25, 31, 48],
[9, 27, 34, 52],
[6, 10, 29, 37, 45],
[7, 11, 20, 40, 49],
[8, 12, 22, 32, 42],
[53, 68, 77, 87, 98],
[54, 69, 79, 90, 102],
[55, 70, 80, 93, 95],
[56, 71, 82, 85, 99],
[57, 72, 75, 88, 103],
[58, 73, 91, 96],
[59, 74, 78, 83, 100],
[60, 64, 86, 104],
[61, 65, 81, 89, 97],
[62, 66, 92, 101],
[63, 67, 76, 84, 94]],

[[0, 14, 25, 36, 47],
[1, 15, 27, 39, 51],
[2, 16, 29, 31, 44],
[17, 20, 34, 48],
[3, 18, 22, 37, 52],
[4, 19, 24, 40, 45],
[5, 9, 26, 32, 49],
[10, 28, 35, 42],
[6, 11, 30, 38, 46],
[7, 12, 21, 41, 50],
[8, 13, 23, 33, 43],
[53, 69, 78, 88, 99],
[54, 70, 91, 103],
[55, 71, 81, 83, 96],
[56, 72, 86, 100],
[57, 73, 76, 89, 104],
[58, 74, 77, 92, 97],
[59, 64, 79, 84, 101],
[60, 65, 80, 87, 94],
[61, 66, 82, 90, 98],
[62, 67, 75, 93, 102],
[63, 68, 85, 95]],

[[0, 15, 26, 37, 48],
[1, 16, 28, 40, 52],
[2, 17, 30, 32, 45],
[18, 21, 35, 49],
[3, 19, 23, 38, 42],
[4, 9, 25, 41, 46],
[5, 10, 27, 33, 50],
[11, 29, 36, 43],
[6, 12, 20, 39, 47],
[7, 13, 22, 31, 51],
[8, 14, 24, 34, 44],
[53, 70, 79, 89, 100],
[54, 71, 80, 92, 104],
[55, 72, 82, 84, 97],
[56, 73, 75, 87, 101],
[57, 74, 90, 94],
[58, 64, 78, 93, 98],
[59, 65, 85, 102],
[60, 66, 81, 88, 95],
[61, 67, 91, 99],
[62, 68, 76, 83, 103],
[63, 69, 77, 86, 96]],

[[0, 16, 27, 38, 49],
[1, 17, 29, 41, 42],
[2, 18, 20, 33, 46],
[19, 22, 36, 50],
[3, 9, 24, 39, 43],
[4, 10, 26, 31, 47],
[5, 11, 28, 34, 51],
[12, 30, 37, 44],
[6, 13, 21, 40, 48],
[7, 14, 23, 32, 52],
[8, 15, 25, 35, 45],
[53, 71, 90, 101],
[54, 72, 81, 93, 94],
[55, 73, 85, 98],
[56, 74, 76, 88, 102],
[57, 64, 77, 91, 95],
[58, 65, 79, 83, 99],
[59, 66, 80, 86, 103],
[60, 67, 82, 89, 96],
[61, 68, 75, 92, 100],
[62, 69, 84, 104],
[63, 70, 78, 87, 97]],

[[0, 17, 28, 39, 50],
[1, 18, 30, 31, 43],
[2, 19, 21, 34, 47],
[9, 23, 37, 51],
[3, 10, 25, 40, 44],
[4, 11, 27, 32, 48],
[5, 12, 29, 35, 52],
[13, 20, 38, 45],
[6, 14, 22, 41, 49],
[7, 15, 24, 33, 42],
[8, 16, 26, 36, 46],
[53, 72, 80, 91, 102],
[54, 73, 82, 83, 95],
[55, 74, 75, 86, 99],
[56, 64, 89, 103],
[57, 65, 78, 92, 96],
[58, 66, 84, 100],
[59, 67, 81, 87, 104],
[60, 68, 90, 97],
[61, 69, 76, 93, 101],
[62, 70, 77, 85, 94],
[63, 71, 79, 88, 98]],

[[0, 18, 29, 40, 51],
[1, 19, 20, 32, 44],
[2, 9, 22, 35, 48],
[10, 24, 38, 52],
[3, 11, 26, 41, 45],
[4, 12, 28, 33, 49],
[5, 13, 30, 36, 42],
[14, 21, 39, 46],
[6, 15, 23, 31, 50],
[7, 16, 25, 34, 43],
[8, 17, 27, 37, 47],
[53, 73, 81, 92, 103],
[54, 74, 84, 96],
[55, 64, 76, 87, 100],
[56, 65, 77, 90, 104],
[57, 66, 79, 93, 97],
[58, 67, 80, 85, 101],
[59, 68, 82, 88, 94],
[60, 69, 75, 91, 98],
[61, 70, 83, 102],
[62, 71, 78, 86, 95],
[63, 72, 89, 99]],

[[0, 19, 30, 41, 52],
[1, 9, 21, 33, 45],
[2, 10, 23, 36, 49],
[11, 25, 39, 42],
[3, 12, 27, 31, 46],
[4, 13, 29, 34, 50],
[5, 14, 20, 37, 43],
[15, 22, 40, 47],
[6, 16, 24, 32, 51],
[7, 17, 26, 35, 44],
[8, 18, 28, 38, 48],
[53, 74, 82, 93, 104],
[54, 64, 75, 85, 97],
[55, 65, 88, 101],
[56, 66, 78, 91, 94],
[57, 67, 83, 98],
[58, 68, 81, 86, 102],
[59, 69, 89, 95],
[60, 70, 76, 92, 99],
[61, 71, 77, 84, 103],
[62, 72, 79, 87, 96],
[63, 73, 80, 90, 100]],

[[0, 1, 2, 89, 92],
[3, 4, 5, 99],
[6, 7, 8, 102],
[37, 40, 53, 54, 55],
[47, 56, 57, 58, 59],
[50, 60, 61, 62, 63],
[9, 13, 18, 84, 90],
[10, 14, 19, 85, 87],
[11, 15, 16, 86, 93],
[12, 17, 83, 88, 91],
[32, 38, 64, 68, 73],
[33, 35, 65, 69, 74],
[34, 41, 66, 70, 71],
[31, 36, 39, 67, 72],
[20, 24, 29, 94, 100],
[21, 25, 30, 96, 104],
[22, 26, 27, 98, 101],
[23, 28, 95, 97, 103],
[42, 48, 77, 81],
[44, 52, 75, 78, 82],
[46, 49, 76, 79],
[43, 45, 51, 80]],

[[9, 10, 11, 59, 62],
[12, 13, 14, 15, 78],
[16, 17, 18, 19, 80],
[48, 51, 64, 65, 66],
[25, 67, 68, 69, 70],
[28, 71, 72, 73, 74],
[0, 3, 7, 54, 60],
[1, 4, 8, 55, 57],
[2, 5, 56, 63],
[6, 53, 58, 61],
[43, 49, 94, 98, 103],
[44, 46, 95, 99, 104],
[45, 52, 96, 100, 101],
[42, 47, 50, 97, 102],
[31, 35, 40, 79],
[32, 36, 41, 76, 82],
[33, 37, 38, 77],
[34, 39, 75, 81],
[20, 26, 83, 87, 92],
[22, 30, 84, 88, 93],
[24, 27, 85, 89, 90],
[21, 23, 29, 86, 91]],

[[26, 29, 75, 76],
[4, 77, 78, 79],
[6, 80, 81, 82],
[31, 32, 33, 100, 103],
[34, 35, 36, 37, 88],
[38, 39, 40, 41, 91],
[21, 27, 53, 57, 62],
[22, 24, 54, 58, 63],
[23, 30, 55, 59, 60],
[20, 25, 28, 56, 61],
[9, 12, 16, 95, 101],
[10, 13, 17, 96, 98],
[11, 14, 18, 97, 104],
[15, 19, 94, 99, 102],
[0, 5, 64, 67, 71],
[2, 8, 65, 68, 72],
[3, 66, 69, 73],
[1, 7, 70, 74],
[42, 46, 51, 83, 89],
[43, 47, 52, 85, 93],
[44, 48, 49, 87, 90],
[45, 50, 84, 86, 92]]]