[[[4, 15, 22, 26],
[0, 6, 24, 36, 40],
[3, 5, 13, 18, 35],
[2, 10, 23, 27, 29],
[8, 16, 21, 33],
[7, 11, 30, 37, 39],
[31, 34, 41, 42, 43],
[14, 20, 28, 44],
[1, 12, 17, 32],
[9, 19, 25, 38]],

[[7, 17, 34, 36, 38],
[13, 14, 19, 41],
[0, 9, 20, 26],
[2, 5, 25, 32, 42],
[1, 21, 24, 30],
[6, 10, 11, 18, 28],
[3, 29, 31, 39, 40],
[8, 12, 15, 35],
[22, 27, 33, 37, 44],
[4, 16, 23, 43]],

[[16, 18, 26, 29, 41],
[7, 21, 22, 25],
[2, 15, 28, 38, 40],
[3, 12, 37, 43],
[1, 9, 13, 36, 39],
[8, 10, 17, 44],
[4, 6, 20, 33, 34],
[0, 11, 23, 35, 42],
[19, 30, 31, 32],
[5, 14, 24, 27]],

[[9, 12, 18, 23],
[20, 22, 32, 36],
[8, 11, 29, 38, 43],
[2, 4, 7, 19, 24],
[3, 10, 14, 34],
[21, 37, 40, 42],
[1, 6, 16, 35, 44],
[0, 15, 25, 27, 30],
[5, 33, 39, 41],
[13, 17, 26, 28, 31]],

[[11, 17, 19, 27],
[23, 24, 39, 44],
[0, 10, 32, 37, 38],
[29, 30, 33, 35],
[3, 8, 28, 41],
[12, 25, 26, 34, 40],
[4, 5, 21, 31, 36],
[6, 13, 15, 42],
[1, 7, 18, 20, 43],
[2, 9, 14, 16, 22]],

[[5, 23, 28, 34],
[10, 12, 19, 33, 36],
[1, 4, 8, 14, 42],
[3, 21, 26, 38, 44],
[13, 16, 32, 40],
[2, 6, 17, 30, 43],
[9, 15, 24, 29, 37],
[11, 20, 25, 31],
[0, 18, 22, 39],
[7, 27, 35, 41]],

[[10, 15, 20, 21, 41],
[19, 28, 35, 39, 43],
[2, 8, 18, 34, 37],
[1, 5, 11, 40],
[12, 22, 24, 31, 38],
[13, 25, 29, 44],
[3, 4, 9, 30],
[6, 7, 23, 26, 32],
[0, 14, 17, 33],
[16, 27, 36, 42]]]