[[[8, 19, 30, 41],
[0, 9, 21, 33, 45],
[1, 10, 23, 36, 49],
[11, 25, 39, 42],
[2, 12, 27, 31, 46],
[3, 13, 29, 34, 50],
[4, 14, 20, 37, 43],
[15, 22, 40, 47],
[5, 16, 24, 32, 51],
[6, 17, 26, 35, 44],
[7, 18, 28, 38, 48],
[52, 63, 82, 93],
[53, 64, 75, 85, 97],
[54, 65, 76, 88, 101],
[55, 66, 78, 91, 94],
[56, 67, 79, 83, 98],
[57, 68, 81, 86, 102],
[58, 69, 74, 89, 95],
[59, 70, 92, 99],
[60, 71, 77, 84, 103],
[61, 72, 87, 96],
[62, 73, 80, 90, 100]],

[[9, 20, 31, 42],
[0, 10, 22, 34, 46],
[1, 11, 24, 37, 50],
[12, 26, 40, 43],
[2, 13, 28, 32, 47],
[3, 14, 19, 35, 51],
[4, 15, 21, 38, 44],
[16, 23, 30, 48],
[5, 17, 25, 33, 41],
[6, 18, 27, 36, 45],
[7, 8, 29, 39, 49],
[52, 64, 74, 83, 94],
[53, 65, 86, 98],
[54, 66, 77, 89, 102],
[55, 67, 92, 95],
[56, 68, 80, 84, 99],
[57, 69, 87, 103],
[58, 70, 75, 90, 96],
[59, 71, 76, 82, 100],
[60, 72, 78, 85, 93],
[61, 73, 79, 88, 97],
[62, 63, 81, 91, 101]],

[[10, 21, 32, 43],
[0, 11, 23, 35, 47],
[1, 12, 25, 38, 51],
[13, 27, 30, 44],
[2, 14, 29, 33, 48],
[3, 15, 20, 36, 41],
[4, 16, 22, 39, 45],
[17, 24, 31, 49],
[5, 18, 26, 34, 42],
[6, 8, 28, 37, 46],
[7, 9, 19, 40, 50],
[52, 65, 75, 84, 95],
[53, 66, 76, 87, 99],
[54, 67, 78, 90, 103],
[55, 68, 79, 82, 96],
[56, 69, 81, 85, 100],
[57, 70, 74, 88, 93],
[58, 71, 91, 97],
[59, 72, 77, 83, 101],
[60, 73, 86, 94],
[61, 63, 80, 89, 98],
[62, 64, 92, 102]],

[[11, 22, 33, 44],
[0, 12, 24, 36, 48],
[1, 13, 26, 39, 41],
[14, 28, 31, 45],
[2, 15, 19, 34, 49],
[3, 16, 21, 37, 42],
[4, 17, 23, 40, 46],
[18, 25, 32, 50],
[5, 8, 27, 35, 43],
[6, 9, 29, 38, 47],
[7, 10, 20, 30, 51],
[52, 66, 85, 96],
[53, 67, 77, 88, 100],
[54, 68, 91, 93],
[55, 69, 80, 83, 97],
[56, 70, 86, 101],
[57, 71, 75, 89, 94],
[58, 72, 76, 92, 98],
[59, 73, 78, 84, 102],
[60, 63, 79, 87, 95],
[61, 64, 81, 90, 99],
[62, 65, 74, 82, 103]],

[[12, 23, 34, 45],
[0, 13, 25, 37, 49],
[1, 14, 27, 40, 42],
[15, 29, 32, 46],
[2, 16, 20, 35, 50],
[3, 17, 22, 38, 43],
[4, 18, 24, 30, 47],
[8, 26, 33, 51],
[5, 9, 28, 36, 44],
[6, 10, 19, 39, 48],
[7, 11, 21, 31, 41],
[52, 67, 76, 86, 97],
[53, 68, 78, 89, 101],
[54, 69, 79, 92, 94],
[55, 70, 81, 84, 98],
[56, 71, 74, 87, 102],
[57, 72, 90, 95],
[58, 73, 77, 82, 99],
[59, 63, 85, 103],
[60, 64, 80, 88, 96],
[61, 65, 91, 100],
[62, 66, 75, 83, 93]],

[[13, 24, 35, 46],
[0, 14, 26, 38, 50],
[1, 15, 28, 30, 43],
[16, 19, 33, 47],
[2, 17, 21, 36, 51],
[3, 18, 23, 39, 44],
[4, 8, 25, 31, 48],
[9, 27, 34, 41],
[5, 10, 29, 37, 45],
[6, 11, 20, 40, 49],
[7, 12, 22, 32, 42],
[52, 68, 77, 87, 98],
[53, 69, 90, 102],
[54, 70, 80, 82, 95],
[55, 71, 85, 99],
[56, 72, 75, 88, 103],
[57, 73, 76, 91, 96],
[58, 63, 78, 83, 100],
[59, 64, 79, 86, 93],
[60, 65, 81, 89, 97],
[61, 66, 74, 92, 101],
[62, 67, 84, 94]],

[[14, 25, 36, 47],
[0, 15, 27, 39, 51],
[1, 16, 29, 31, 44],
[17, 20, 34, 48],
[2, 18, 22, 37, 41],
[3, 8, 24, 40, 45],
[4, 9, 26, 32, 49],
[10, 28, 35, 42],
[5, 11, 19, 38, 46],
[6, 12, 21, 30, 50],
[7, 13, 23, 33, 43],
[52, 69, 78, 88, 99],
[53, 70, 79, 91, 103],
[54, 71, 81, 83, 96],
[55, 72, 74, 86, 100],
[56, 73, 89, 93],
[57, 63, 77, 92, 97],
[58, 64, 84, 101],
[59, 65, 80, 87, 94],
[60, 66, 90, 98],
[61, 67, 75, 82, 102],
[62, 68, 76, 85, 95]],

[[15, 26, 37, 48],
[0, 16, 28, 40, 41],
[1, 17, 19, 32, 45],
[18, 21, 35, 49],
[2, 8, 23, 38, 42],
[3, 9, 25, 30, 46],
[4, 10, 27, 33, 50],
[11, 29, 36, 43],
[5, 12, 20, 39, 47],
[6, 13, 22, 31, 51],
[7, 14, 24, 34, 44],
[52, 70, 89, 100],
[53, 71, 80, 92, 93],
[54, 72, 84, 97],
[55, 73, 75, 87, 101],
[56, 63, 76, 90, 94],
[57, 64, 78, 82, 98],
[58, 65, 79, 85, 102],
[59, 66, 81, 88, 95],
[60, 67, 74, 91, 99],
[61, 68, 83, 103],
[62, 69, 77, 86, 96]],

[[16, 27, 38, 49],
[0, 17, 29, 30, 42],
[1, 18, 20, 33, 46],
[8, 22, 36, 50],
[2, 9, 24, 39, 43],
[3, 10, 26, 31, 47],
[4, 11, 28, 34, 51],
[12, 19, 37, 44],
[5, 13, 21, 40, 48],
[6, 14, 23, 32, 41],
[7, 15, 25, 35, 45],
[52, 71, 79, 90, 101],
[53, 72, 81, 82, 94],
[54, 73, 74, 85, 98],
[55, 63, 88, 102],
[56, 64, 77, 91, 95],
[57, 65, 83, 99],
[58, 66, 80, 86, 103],
[59, 67, 89, 96],
[60, 68, 75, 92, 100],
[61, 69, 76, 84, 93],
[62, 70, 78, 87, 97]],

[[17, 28, 39, 50],
[0, 18, 19, 31, 43],
[1, 8, 21, 34, 47],
[9, 23, 37, 51],
[2, 10, 25, 40, 44],
[3, 11, 27, 32, 48],
[4, 12, 29, 35, 41],
[13, 20, 38, 45],
[5, 14, 22, 30, 49],
[6, 15, 24, 33, 42],
[7, 16, 26, 36, 46],
[52, 72, 80, 91, 102],
[53, 73, 83, 95],
[54, 63, 75, 86, 99],
[55, 64, 76, 89, 103],
[56, 65, 78, 92, 96],
[57, 66, 79, 84, 100],
[58, 67, 81, 87, 93],
[59, 68, 74, 90, 97],
[60, 69, 82, 101],
[61, 70, 77, 85, 94],
[62, 71, 88, 98]],

[[18, 29, 40, 51],
[0, 8, 20, 32, 44],
[1, 9, 22, 35, 48],
[10, 24, 38, 41],
[2, 11, 26, 30, 45],
[3, 12, 28, 33, 49],
[4, 13, 19, 36, 42],
[14, 21, 39, 46],
[5, 15, 23, 31, 50],
[6, 16, 25, 34, 43],
[7, 17, 27, 37, 47],
[52, 73, 81, 92, 103],
[53, 63, 74, 84, 96],
[54, 64, 87, 100],
[55, 65, 77, 90, 93],
[56, 66, 82, 97],
[57, 67, 80, 85, 101],
[58, 68, 88, 94],
[59, 69, 75, 91, 98],
[60, 70, 76, 83, 102],
[61, 71, 78, 86, 95],
[62, 72, 79, 89, 99]],

[[0, 1, 88, 91],
[2, 3, 4, 98],
[5, 6, 7, 101],
[36, 39, 52, 53, 54],
[46, 55, 56, 57, 58],
[49, 59, 60, 61, 62],
[8, 12, 17, 83, 89],
[9, 13, 18, 84, 86],
[10, 14, 15, 85, 92],
[11, 16, 82, 87, 90],
[31, 37, 63, 67, 72],
[32, 34, 64, 68, 73],
[33, 40, 65, 69, 70],
[30, 35, 38, 66, 71],
[19, 23, 28, 93, 99],
[20, 24, 29, 95, 103],
[21, 25, 26, 97, 100],
[22, 27, 94, 96, 102],
[41, 47, 76, 80],
[43, 51, 74, 77, 81],
[45, 48, 75, 78],
[42, 44, 50, 79]],

[[8, 9, 10, 58, 61],
[11, 12, 13, 14, 77],
[15, 16, 17, 18, 79],
[47, 50, 63, 64, 65],
[24, 66, 67, 68, 69],
[27, 70, 71, 72, 73],
[2, 6, 53, 59],
[0, 3, 7, 54, 56],
[1, 4, 55, 62],
[5, 52, 57, 60],
[42, 48, 93, 97, 102],
[43, 45, 94, 98, 103],
[44, 51, 95, 99, 100],
[41, 46, 49, 96, 101],
[30, 34, 39, 78],
[31, 35, 40, 75, 81],
[32, 36, 37, 76],
[33, 38, 74, 80],
[19, 25, 82, 86, 91],
[21, 29, 83, 87, 92],
[23, 26, 84, 88, 89],
[20, 22, 28, 85, 90]],

[[25, 28, 74, 75],
[3, 76, 77, 78],
[5, 79, 80, 81],
[30, 31, 32, 99, 102],
[33, 34, 35, 36, 87],
[37, 38, 39, 40, 90],
[20, 26, 52, 56, 61],
[21, 23, 53, 57, 62],
[22, 29, 54, 58, 59],
[19, 24, 27, 55, 60],
[8, 11, 15, 94, 100],
[9, 12, 16, 95, 97],
[10, 13, 17, 96, 103],
[14, 18, 93, 98, 101],
[4, 63, 66, 70],
[1, 7, 64, 67, 71],
[2, 65, 68, 72],
[0, 6, 69, 73],
[41, 45, 50, 82, 88],
[42, 46, 51, 84, 92],
[43, 47, 48, 86, 89],
[44, 49, 83, 85, 91]]]