[[[0, 15, 30, 45, 60, 75],
[1, 17, 31, 57, 74, 76],
[2, 16, 32, 56, 64, 77],
[3, 27, 34, 46, 73, 78],
[4, 29, 35, 52, 68, 79],
[5, 28, 33, 50, 69, 82],
[6, 24, 36, 59, 65],
[7, 26, 37, 55, 66],
[8, 25, 38, 51, 61],
[9, 21, 40, 48, 71, 83],
[10, 23, 41, 47, 72],
[11, 22, 39, 58, 62],
[12, 18, 42, 49, 67, 80],
[13, 20, 43, 53, 70, 81],
[14, 19, 44, 54, 63]],

[[0, 17, 32, 47, 62, 82],
[1, 16, 30, 59, 73, 81],
[2, 15, 31, 55, 63, 78],
[3, 29, 33, 45, 72, 76],
[4, 28, 34, 51, 67],
[5, 27, 35, 49, 71],
[6, 26, 38, 58, 64, 79],
[7, 25, 36, 54, 68, 75],
[8, 24, 37, 53, 60],
[9, 23, 39, 50, 70],
[10, 22, 40, 46, 74],
[11, 21, 41, 57, 61, 80],
[12, 20, 44, 48, 66],
[13, 19, 42, 52, 69, 77],
[14, 18, 43, 56, 65, 83]],

[[0, 16, 31, 46, 61],
[1, 15, 32, 58, 72, 80],
[2, 17, 30, 54, 65, 79],
[3, 28, 35, 47, 74],
[4, 27, 33, 53, 66, 77],
[5, 29, 34, 48, 70, 75],
[6, 25, 37, 57, 63, 81],
[7, 24, 38, 56, 67, 76],
[8, 26, 36, 52, 62, 83],
[9, 22, 41, 49, 69],
[10, 21, 39, 45, 73, 82],
[11, 23, 40, 59, 60, 78],
[12, 19, 43, 50, 68],
[13, 18, 44, 51, 71],
[14, 20, 42, 55, 64]],

[[0, 29, 44, 59, 74, 83],
[1, 28, 42, 56, 70],
[2, 27, 43, 52, 60, 80],
[3, 26, 30, 57, 69],
[4, 25, 31, 48, 64, 82],
[5, 24, 32, 46, 68],
[6, 23, 35, 55, 61, 75],
[7, 22, 33, 51, 65, 81],
[8, 21, 34, 50, 72],
[9, 20, 36, 47, 67, 78],
[10, 19, 37, 58, 71],
[11, 18, 38, 54, 73],
[12, 17, 41, 45, 63, 77],
[13, 16, 39, 49, 66, 79],
[14, 15, 40, 53, 62, 76]],

[[0, 24, 39, 54, 69],
[1, 26, 40, 51, 68, 82],
[2, 25, 41, 50, 73, 76],
[3, 21, 43, 55, 67, 77],
[4, 23, 44, 46, 62],
[5, 22, 42, 59, 63, 79],
[6, 18, 30, 53, 74],
[7, 20, 31, 49, 60, 83],
[8, 19, 32, 45, 70],
[9, 15, 34, 57, 65],
[10, 17, 35, 56, 66],
[11, 16, 33, 52, 71, 75],
[12, 27, 36, 58, 61, 81],
[13, 29, 37, 47, 64, 80],
[14, 28, 38, 48, 72, 78]],

[[0, 26, 41, 56, 71, 78],
[1, 25, 39, 53, 67],
[2, 24, 40, 49, 72, 81],
[3, 23, 42, 54, 66, 83],
[4, 22, 43, 45, 61],
[5, 21, 44, 58, 65, 76],
[6, 20, 32, 52, 73],
[7, 19, 30, 48, 62, 80],
[8, 18, 31, 47, 69, 75],
[9, 17, 33, 59, 64],
[10, 16, 34, 55, 68],
[11, 15, 35, 51, 70, 77],
[12, 29, 38, 57, 60, 82],
[13, 28, 36, 46, 63],
[14, 27, 37, 50, 74, 79]],

[[0, 25, 40, 55, 70, 79],
[1, 24, 41, 52, 66],
[2, 26, 39, 48, 74],
[3, 22, 44, 56, 68, 80],
[4, 21, 42, 47, 60, 81],
[5, 23, 43, 57, 64],
[6, 19, 31, 51, 72],
[7, 18, 32, 50, 61, 78],
[8, 20, 30, 46, 71, 76],
[9, 16, 35, 58, 63, 82],
[10, 15, 33, 54, 67],
[11, 17, 34, 53, 69, 83],
[12, 28, 37, 59, 62, 75],
[13, 27, 38, 45, 65],
[14, 29, 36, 49, 73, 77]],

[[0, 22, 37, 52, 67],
[1, 21, 38, 49, 63, 75],
[2, 23, 36, 45, 71],
[3, 19, 41, 53, 65, 82],
[4, 18, 39, 59, 72],
[5, 20, 40, 54, 61, 77],
[6, 16, 43, 48, 69],
[7, 15, 44, 47, 73, 79],
[8, 17, 42, 58, 68, 78],
[9, 28, 32, 55, 60, 76],
[10, 27, 30, 51, 64, 83],
[11, 29, 31, 50, 66, 81],
[12, 25, 34, 56, 74],
[13, 24, 35, 57, 62],
[14, 26, 33, 46, 70, 80]],

[[0, 20, 35, 50, 65, 80],
[1, 19, 33, 47, 61, 83],
[2, 18, 34, 58, 66],
[3, 17, 36, 48, 60],
[4, 16, 37, 54, 70, 76],
[5, 15, 38, 52, 74, 81],
[6, 29, 41, 46, 67],
[7, 28, 39, 57, 71, 77],
[8, 27, 40, 56, 63],
[9, 26, 42, 53, 73, 75],
[10, 25, 43, 49, 62, 78],
[11, 24, 44, 45, 64],
[12, 23, 32, 51, 69, 79],
[13, 22, 30, 55, 72, 82],
[14, 21, 31, 59, 68]]]