[[[0,1,2,3,4,5],
[6,7,8,9,10,11],
[12,13,14,15,16,17],
[18,19,20,21,22,23],
[24,25,26,27,28,29],
[30,31,32,33,34,35],
[36,37,38,39,40]],

[[0,7,14,21,28,35],
[6,13,20,27,34],
[5,12,19,26,33,40],
[4,11,18,25,32,39],
[3,10,17,24,31,38],
[2,9,16,23,30,37],
[1,8,15,22,29,36]],

[[0,10,13,23,26,39],
[3,6,16,19,29,32],
[9,12,22,25,35,38],
[2,15,18,28,31],
[5,8,21,24,34,37],
[1,11,14,27,30,40],
[4,7,17,20,33,36]],

[[0,11,15,19,34,38],
[2,6,17,21,25,40],
[4,8,12,23,27,31],
[10,14,18,29,33,37],
[1,16,20,24,35,39],
[3,7,22,26,30],
[5,9,13,28,32,36]],

[[0,8,16,25,33],
[5,6,14,22,31,39],
[3,11,12,20,28,37],
[1,9,17,18,26,34],
[7,15,23,24,32,40],
[4,13,21,29,30,38],
[2,10,19,27,35,36]],

[[0,9,20,29,31,40],
[4,6,15,26,35,37],
[1,10,12,21,32],
[5,7,16,18,27,38],
[2,11,13,22,24,33],
[8,17,19,28,30,39],
[3,14,23,25,34,36]],

[[0,17,22,27,32,37],
[1,6,23,28,33,38],
[2,7,12,29,34,39],
[3,8,13,18,35,40],
[4,9,14,19,24],
[5,10,15,20,25,30],
[11,16,21,26,31,36]]]