[[[0,1,2,3,4],
[5,6,7,8,9],
[10,11,12,13],
[14,15,16,17],
[18,19,20,21],
[22,23,24,25],
[26,27,28,29],
[30,31,32,33]],

[[0,6,12,17],
[1,5,13,16],
[2,8,10,15],
[3,7,11,14],
[4,18,23,28,33],
[9,19,22,29,32],
[20,25,26,31],
[21,24,27,30]],

[[0,11,20,29],
[5,15,24,33],
[1,10,21,28],
[6,14,25,32],
[2,9,13,18,27],
[4,7,17,22,31],
[3,12,19,26],
[8,16,23,30]],

[[0,9,15,25,28],
[4,5,11,21,32],
[6,10,20,33],
[1,14,24,29],
[8,12,18,31],
[3,16,22,27],
[2,17,23,26],
[7,13,19,30]],

[[0,8,19,24],
[3,5,20,23],
[10,17,27,32],
[13,14,28,31],
[1,7,18,25],
[2,6,21,22],
[9,11,16,26,33],
[4,12,15,29,30]],

[[0,13,23,32],
[5,17,19,28],
[3,9,10,24,31],
[4,8,14,20,27],
[6,16,18,29],
[1,12,22,33],
[7,15,21,26],
[2,11,25,30]],

[[0,7,27,33],
[2,5,29,31],
[4,10,16,19,25],
[9,12,14,21,23],
[11,17,18,24],
[13,15,20,22],
[1,8,26,32],
[3,6,28,30]],

[[0,16,21,31],
[5,12,25,27],
[7,10,23,29],
[2,14,19,33],
[3,15,18,32],
[8,11,22,28],
[4,6,13,24,26],
[1,9,17,20,30]]]