[[[3, 14, 21, 25],
[0, 5, 23, 35, 39],
[2, 4, 12, 17, 34],
[9, 22, 26, 28],
[7, 15, 20, 32],
[6, 10, 29, 36, 38],
[30, 33, 40, 41, 42],
[13, 19, 27, 43],
[1, 11, 16, 31],
[8, 18, 24, 37]],

[[6, 16, 33, 35, 37],
[12, 13, 18, 40],
[0, 8, 19, 25],
[4, 24, 31, 41],
[1, 20, 23, 29],
[5, 9, 10, 17, 27],
[2, 28, 30, 38, 39],
[7, 11, 14, 34],
[21, 26, 32, 36, 43],
[3, 15, 22, 42]],

[[15, 17, 25, 28, 40],
[6, 20, 21, 24],
[14, 27, 37, 39],
[2, 11, 36, 42],
[1, 8, 12, 35, 38],
[7, 9, 16, 43],
[3, 5, 19, 32, 33],
[0, 10, 22, 34, 41],
[18, 29, 30, 31],
[4, 13, 23, 26]],

[[8, 11, 17, 22],
[19, 21, 31, 35],
[7, 10, 28, 37, 42],
[3, 6, 18, 23],
[2, 9, 13, 33],
[20, 36, 39, 41],
[1, 5, 15, 34, 43],
[0, 14, 24, 26, 29],
[4, 32, 38, 40],
[12, 16, 25, 27, 30]],

[[10, 16, 18, 26],
[22, 23, 38, 43],
[0, 9, 31, 36, 37],
[28, 29, 32, 34],
[2, 7, 27, 40],
[11, 24, 25, 33, 39],
[3, 4, 20, 30, 35],
[5, 12, 14, 41],
[1, 6, 17, 19, 42],
[8, 13, 15, 21]],

[[4, 22, 27, 33],
[9, 11, 18, 32, 35],
[1, 3, 7, 13, 41],
[2, 20, 25, 37, 43],
[12, 15, 31, 39],
[5, 16, 29, 42],
[8, 14, 23, 28, 36],
[10, 19, 24, 30],
[0, 17, 21, 38],
[6, 26, 34, 40]],

[[9, 14, 19, 20, 40],
[18, 27, 34, 38, 42],
[7, 17, 33, 36],
[1, 4, 10, 39],
[11, 21, 23, 30, 37],
[12, 24, 28, 43],
[2, 3, 8, 29],
[5, 6, 22, 25, 31],
[0, 13, 16, 32],
[15, 26, 35, 41]]]