[[[1, 28, 41, 46, 88],
[2, 27, 34, 53, 89],
[4, 25, 39, 48, 90],
[8, 21, 38, 49, 91],
[13, 16, 40, 47, 92],
[3, 26, 36, 51, 93],
[6, 23, 43, 44, 94],
[30, 57, 70, 75, 95],
[31, 56, 63, 82, 96],
[33, 54, 68, 77, 97],
[37, 50, 67, 78, 98],
[42, 45, 69, 76, 99],
[32, 55, 65, 80],
[35, 52, 72, 73],
[12, 17, 59, 86],
[5, 24, 60, 85],
[10, 19, 62, 83],
[9, 20, 66, 79],
[11, 18, 71, 74],
[7, 22, 61, 84],
[14, 15, 64, 81],
[0, 29, 58, 87]],

[[1, 3, 43, 48, 89],
[0, 4, 36, 55, 88],
[6, 27, 41, 50, 90],
[10, 23, 40, 51, 91],
[15, 18, 42, 49, 92],
[5, 28, 38, 53, 93],
[8, 25, 45, 46, 94],
[30, 32, 72, 77, 96],
[29, 33, 65, 84, 95],
[35, 56, 70, 79, 97],
[39, 52, 69, 80, 98],
[44, 47, 71, 78, 99],
[34, 57, 67, 82],
[37, 54, 74, 75],
[14, 19, 59, 61],
[7, 26, 58, 62],
[12, 21, 64, 85],
[11, 22, 68, 81],
[13, 20, 73, 76],
[9, 24, 63, 86],
[16, 17, 66, 83],
[2, 31, 60, 87]],

[[3, 5, 45, 50, 88],
[2, 6, 38, 57, 92],
[0, 8, 43, 52, 90],
[12, 25, 42, 53, 91],
[17, 20, 44, 51, 89],
[1, 7, 40, 55, 93],
[10, 27, 47, 48, 94],
[32, 34, 74, 79, 95],
[31, 35, 67, 86, 99],
[29, 37, 72, 81, 97],
[41, 54, 71, 82, 98],
[46, 49, 73, 80, 96],
[30, 36, 69, 84],
[39, 56, 76, 77],
[16, 21, 61, 63],
[9, 28, 60, 64],
[14, 23, 58, 66],
[13, 24, 70, 83],
[15, 22, 75, 78],
[11, 26, 59, 65],
[18, 19, 68, 85],
[4, 33, 62, 87]],

[[7, 9, 49, 54, 88],
[6, 10, 32, 42, 89],
[4, 12, 47, 56, 93],
[0, 16, 46, 57, 91],
[21, 24, 48, 55, 92],
[5, 11, 30, 44, 90],
[2, 14, 51, 52, 94],
[36, 38, 78, 83, 95],
[35, 39, 61, 71, 96],
[33, 41, 76, 85],
[29, 45, 75, 86, 98],
[50, 53, 77, 84, 99],
[34, 40, 59, 73, 97],
[31, 43, 80, 81],
[20, 25, 65, 67],
[3, 13, 64, 68],
[18, 27, 62, 70],
[17, 28, 58, 74],
[19, 26, 79, 82],
[1, 15, 63, 69],
[22, 23, 60, 72],
[8, 37, 66, 87]],

[[15, 17, 33, 57, 88],
[14, 18, 40, 50, 89],
[12, 20, 35, 55, 90],
[8, 24, 36, 54, 96],
[0, 3, 34, 56, 92],
[13, 19, 38, 52, 97],
[10, 22, 30, 31, 93],
[44, 46, 62, 86, 95],
[43, 47, 69, 79, 91],
[41, 49, 64, 84, 94],
[37, 53, 65, 83],
[29, 32, 63, 85, 99],
[42, 48, 67, 81],
[39, 51, 59, 60],
[4, 28, 73, 75],
[11, 21, 72, 76, 98],
[6, 26, 70, 78],
[7, 25, 66, 82],
[5, 27, 58, 61],
[9, 23, 71, 77],
[1, 2, 68, 80],
[16, 45, 74, 87]],

[[2, 4, 44, 49],
[1, 5, 37, 56, 91],
[7, 28, 42, 51, 90],
[11, 24, 41, 52, 89],
[16, 19, 43, 50, 95],
[0, 6, 39, 54, 93],
[9, 26, 46, 47, 97],
[31, 33, 73, 78, 92],
[30, 34, 66, 85, 88],
[36, 57, 71, 80, 94],
[40, 53, 70, 81, 96],
[45, 48, 72, 79],
[29, 35, 68, 83],
[38, 55, 75, 76],
[15, 20, 60, 62, 98],
[8, 27, 59, 63],
[13, 22, 65, 86],
[12, 23, 69, 82],
[14, 21, 74, 77],
[10, 25, 58, 64, 99],
[17, 18, 67, 84],
[3, 32, 61, 87]],

[[5, 7, 47, 52, 95],
[4, 8, 30, 40],
[2, 10, 45, 54, 90],
[14, 27, 44, 55, 96],
[19, 22, 46, 53],
[3, 9, 42, 57],
[0, 12, 49, 50],
[34, 36, 76, 81],
[33, 37, 59, 69, 89],
[31, 39, 74, 83, 88],
[43, 56, 73, 84],
[48, 51, 75, 82, 99],
[32, 38, 71, 86],
[29, 41, 78, 79],
[18, 23, 63, 65, 97],
[1, 11, 62, 66, 92],
[16, 25, 60, 68, 93],
[15, 26, 72, 85, 91],
[17, 24, 77, 80],
[13, 28, 61, 67],
[20, 21, 58, 70, 94],
[6, 35, 64, 87, 98]],

[[11, 13, 29, 53, 88],
[10, 14, 36, 46],
[8, 16, 31, 51, 97],
[4, 20, 32, 50, 91],
[25, 28, 30, 52],
[9, 15, 34, 48, 93],
[6, 18, 55, 56, 95],
[40, 42, 58, 82],
[39, 43, 65, 75],
[37, 45, 60, 80, 92],
[33, 49, 61, 79, 90],
[54, 57, 59, 81],
[38, 44, 63, 77],
[35, 47, 84, 85, 89],
[0, 24, 69, 71],
[7, 17, 68, 72],
[2, 22, 66, 74, 98],
[3, 21, 62, 78, 96],
[1, 23, 83, 86],
[5, 19, 67, 73, 94],
[26, 27, 64, 76],
[12, 41, 70, 87, 99]],

[[23, 25, 36, 41],
[22, 26, 29, 48, 96],
[20, 28, 34, 43, 99],
[3, 16, 33, 44, 98],
[8, 11, 35, 42],
[21, 27, 31, 46],
[1, 18, 38, 39, 94],
[52, 54, 65, 70, 91],
[51, 55, 58, 77],
[49, 57, 63, 72, 89],
[32, 45, 62, 73],
[37, 40, 64, 71, 88],
[50, 56, 60, 75],
[30, 47, 67, 68],
[7, 12, 81, 83, 92],
[0, 19, 80, 84],
[5, 14, 78, 86, 97],
[4, 15, 61, 74],
[6, 13, 66, 69],
[2, 17, 79, 85, 93],
[9, 10, 59, 76, 95],
[24, 53, 82, 87, 90]],

[[12, 14, 30, 54],
[11, 15, 37, 47],
[9, 17, 32, 52, 92],
[5, 21, 33, 51],
[0, 26, 31, 53, 95],
[10, 16, 35, 49],
[7, 19, 56, 57, 98],
[41, 43, 59, 83, 96],
[40, 44, 66, 76],
[38, 46, 61, 81, 99],
[34, 50, 62, 80],
[29, 55, 60, 82, 91],
[39, 45, 64, 78, 89],
[36, 48, 85, 86],
[1, 25, 70, 72],
[8, 18, 69, 73, 88],
[3, 23, 67, 75, 90],
[4, 22, 63, 79, 94],
[2, 24, 58, 84, 97],
[6, 20, 68, 74],
[27, 28, 65, 77],
[13, 42, 71, 87, 93]],

[[25, 27, 38, 43, 98],
[24, 28, 31, 50, 94],
[1, 22, 36, 45, 97],
[5, 18, 35, 46],
[10, 13, 37, 44],
[0, 23, 33, 48],
[3, 20, 40, 41],
[54, 56, 67, 72],
[53, 57, 60, 79],
[30, 51, 65, 74, 92],
[34, 47, 64, 75, 96],
[39, 42, 66, 73],
[29, 52, 62, 77],
[32, 49, 69, 70, 93],
[9, 14, 83, 85, 90],
[2, 21, 82, 86, 88],
[7, 16, 59, 80, 99],
[6, 17, 63, 76, 91],
[8, 15, 68, 71, 95],
[4, 19, 58, 81, 89],
[11, 12, 61, 78],
[26, 55, 84, 87]],

[[10, 12, 52, 57, 96],
[9, 13, 35, 45],
[7, 15, 30, 50, 97],
[3, 19, 31, 49],
[24, 27, 29, 51],
[8, 14, 33, 47],
[5, 17, 54, 55, 99],
[39, 41, 81, 86, 91],
[38, 42, 64, 74],
[36, 44, 59, 79, 92],
[32, 48, 60, 78, 88],
[53, 56, 58, 80],
[37, 43, 62, 76, 93],
[34, 46, 83, 84, 98],
[23, 28, 68, 70, 89],
[6, 16, 67, 71],
[1, 21, 65, 73, 90],
[2, 20, 61, 77, 95],
[0, 22, 82, 85],
[4, 18, 66, 72],
[25, 26, 63, 75],
[11, 40, 69, 87, 94]],

[[0, 2, 42, 47],
[3, 28, 35, 54, 95],
[5, 26, 40, 49, 98],
[9, 22, 39, 50],
[14, 17, 41, 48],
[4, 27, 37, 52, 99],
[7, 24, 44, 45, 91],
[29, 31, 71, 76, 89],
[32, 57, 64, 83, 97],
[34, 55, 69, 78],
[38, 51, 68, 79, 96],
[43, 46, 70, 77, 92],
[33, 56, 66, 81],
[36, 53, 73, 74],
[13, 18, 58, 60, 90],
[6, 25, 61, 86],
[11, 20, 63, 84, 93],
[10, 21, 67, 80],
[12, 19, 72, 75, 88],
[8, 23, 62, 85],
[15, 16, 65, 82, 94],
[1, 30, 59, 87]]]