[[[4, 15, 17, 24, 28],
[0, 6, 26, 38, 42],
[3, 5, 14, 20, 37],
[2, 10, 25, 29, 31],
[8, 18, 23, 35],
[7, 12, 32, 39, 41],
[33, 36, 43, 44, 45],
[16, 22, 30, 46],
[1, 11, 13, 19, 34],
[9, 21, 27, 40]],

[[7, 19, 36, 38, 40],
[14, 15, 16, 21, 43],
[0, 9, 22, 28],
[2, 5, 27, 34, 44],
[1, 23, 26, 32],
[6, 10, 12, 20, 30],
[3, 31, 33, 41, 42],
[8, 13, 17, 37],
[24, 29, 35, 39, 46],
[4, 11, 18, 25, 45]],

[[18, 20, 28, 31, 43],
[7, 23, 24, 27],
[2, 17, 30, 40, 42],
[3, 13, 39, 45],
[1, 9, 14, 38, 41],
[8, 10, 15, 19, 46],
[4, 6, 22, 35, 36],
[0, 12, 25, 37, 44],
[21, 32, 33, 34],
[5, 11, 16, 26, 29]],

[[9, 13, 15, 20, 25],
[22, 24, 34, 38],
[8, 12, 31, 40, 45],
[2, 4, 7, 21, 26],
[3, 10, 16, 36],
[11, 23, 39, 42, 44],
[1, 6, 18, 37, 46],
[0, 17, 27, 29, 32],
[5, 35, 41, 43],
[14, 19, 28, 30, 33]],

[[12, 19, 21, 29],
[25, 26, 41, 46],
[0, 10, 34, 39, 40],
[15, 31, 32, 35, 37],
[3, 8, 11, 30, 43],
[13, 27, 28, 36, 42],
[4, 5, 23, 33, 38],
[6, 14, 17, 44],
[1, 7, 20, 22, 45],
[2, 9, 16, 18, 24]],

[[5, 25, 30, 36],
[10, 13, 21, 35, 38],
[1, 4, 8, 16, 44],
[3, 23, 28, 40, 46],
[14, 18, 34, 42],
[2, 6, 19, 32, 45],
[9, 17, 26, 31, 39],
[12, 15, 22, 27, 33],
[0, 11, 20, 24, 41],
[7, 29, 37, 43]],

[[10, 17, 22, 23, 43],
[21, 30, 37, 41, 45],
[2, 8, 20, 36, 39],
[1, 5, 12, 42],
[13, 24, 26, 33, 40],
[11, 14, 27, 31, 46],
[3, 4, 9, 32],
[6, 7, 25, 28, 34],
[0, 16, 19, 35],
[15, 18, 29, 38, 44]]]