[[[0,1,2,3,4],
[5,6,7,8,9],
[10,11,12,13,14],
[15,16,17,18,19],
[20,21,22,23,24],
[25,26,27,28,29],
[30,31,32,33],
[34,35,36,37],
[38,39,40,41]],

[[0,6,12,18,24],
[2,5,11,23,29],
[1,7,10,19,28],
[15,21,27,33],
[17,20,26,37],
[16,22,25,41],
[3,9,30,35,40],
[8,14,32,34,39],
[4,13,31,36,38]],

[[0,7,11,33],
[1,5,12,37],
[2,6,10,41],
[3,14,15,22,26],
[4,8,16,20,27],
[9,13,17,21,25],
[18,29,30,36,39],
[19,23,31,34,40],
[24,28,32,35,38]],

[[0,16,23,32],
[5,21,28,36],
[10,18,26,40],
[2,9,15,31,37],
[7,14,20,35,41],
[4,12,25,33,39],
[1,8,17,24,30],
[6,13,22,29,34],
[3,11,19,27,38]],

[[0,14,21,37,40],
[4,5,26,32,41],
[9,10,16,33,36],
[8,12,15,29,35],
[2,13,19,20,39],
[3,7,24,25,31],
[6,23,27,30],
[11,17,28,34],
[1,18,22,38]],

[[0,8,19,26,36],
[5,13,16,24,40],
[3,10,21,29,32],
[7,15,23,39],
[12,20,28,31],
[2,18,25,35],
[4,11,22,30,37],
[1,9,27,34,41],
[6,14,17,33,38]],

[[0,17,29,31,41],
[5,19,22,33,35],
[10,24,27,37,39],
[1,13,15,32],
[3,6,20,36],
[8,11,25,40],
[2,14,16,28,30],
[4,7,18,21,34],
[9,12,23,26,38]],

[[0,13,27,35],
[3,5,17,39],
[8,10,22,31],
[4,6,15,28,40],
[9,11,18,20,32],
[1,14,23,25,36],
[12,19,21,30,41],
[2,24,26,33,34],
[7,16,29,37,38]],

[[0,9,22,28,39],
[5,14,18,27,31],
[4,10,17,23,35],
[11,15,24,36,41],
[1,20,29,33,40],
[6,19,25,32,37],
[7,13,26,30],
[3,12,16,34],
[2,8,21,38]]]