[[[0, 14, 28, 42, 56, 70],
[1, 15, 29, 46, 66, 71],
[2, 17, 34, 43, 64, 72],
[3, 16, 32, 47, 57, 73],
[4, 21, 39, 55, 69, 74],
[5, 24, 30, 51, 68],
[6, 25, 36, 49, 65, 79],
[7, 18, 40, 44, 67, 75],
[8, 26, 37, 48, 63, 76],
[9, 27, 33, 52, 62],
[10, 22, 35, 45, 60],
[11, 20, 41, 53, 59, 77],
[12, 23, 38, 50, 61, 78],
[13, 19, 31, 54, 58]],

[[0, 16, 33, 48, 61],
[1, 23, 36, 55, 67, 73],
[2, 22, 40, 46, 62, 79],
[3, 24, 39, 53, 58, 78],
[4, 14, 38, 49, 57, 71],
[5, 20, 32, 54, 66],
[6, 19, 28, 52, 60, 77],
[7, 17, 41, 45, 63, 70],
[8, 15, 31, 44, 65, 74],
[9, 26, 35, 42, 59, 72],
[10, 18, 37, 43, 68],
[11, 27, 34, 50, 69],
[12, 21, 29, 51, 64, 75],
[13, 25, 30, 47, 56, 76]],

[[0, 23, 31, 53, 66, 75],
[1, 27, 32, 49, 58, 76],
[2, 18, 35, 50, 63, 74],
[3, 25, 38, 43, 69],
[4, 24, 28, 48, 64],
[5, 26, 41, 55, 60, 78],
[6, 16, 40, 51, 59, 71],
[7, 22, 34, 42, 68, 73],
[8, 21, 30, 54, 62, 77],
[9, 19, 29, 47, 65, 70],
[10, 17, 33, 46, 67],
[11, 14, 37, 44, 61, 72],
[12, 20, 39, 45, 56, 79],
[13, 15, 36, 52, 57]],

[[0, 26, 39, 49, 64],
[1, 24, 31, 43, 63, 77],
[2, 27, 28, 54, 65, 78],
[3, 23, 35, 44, 62],
[4, 18, 32, 46, 60, 70],
[5, 19, 33, 50, 56, 71],
[6, 21, 38, 47, 68, 72],
[7, 20, 36, 51, 61, 74],
[8, 25, 29, 45, 59],
[9, 14, 34, 55, 58, 79],
[10, 15, 40, 53, 69, 73],
[11, 22, 30, 48, 57, 75],
[12, 16, 41, 52, 67, 76],
[13, 17, 37, 42, 66]],

[[0, 22, 41, 47, 58],
[1, 17, 38, 54, 59, 79],
[2, 25, 33, 55, 68, 75],
[3, 15, 34, 51, 60, 76],
[4, 20, 37, 52, 65],
[5, 27, 40, 45, 57, 74],
[6, 26, 30, 50, 66, 73],
[7, 14, 29, 43, 62, 78],
[8, 18, 28, 53, 61, 71],
[9, 24, 36, 44, 56],
[10, 23, 32, 42, 64, 77],
[11, 21, 31, 49, 67, 70],
[12, 19, 35, 48, 69],
[13, 16, 39, 46, 63, 72]],

[[0, 21, 37, 50, 57, 79],
[1, 18, 41, 48, 65, 72],
[2, 24, 29, 49, 60, 73],
[3, 19, 40, 42, 61],
[4, 27, 35, 43, 56, 75],
[5, 17, 36, 53, 62, 76],
[6, 22, 39, 54, 67],
[7, 15, 28, 47, 59],
[8, 14, 32, 52, 68],
[9, 16, 31, 45, 64, 78],
[10, 20, 30, 55, 63, 71],
[11, 26, 38, 46, 58, 74],
[12, 25, 34, 44, 66, 77],
[13, 23, 33, 51, 69, 70]],

[[0, 19, 30, 43, 59, 74],
[1, 26, 34, 52, 61, 75],
[2, 20, 31, 42, 57, 76],
[3, 21, 41, 46, 56],
[4, 16, 29, 53, 68, 79],
[5, 14, 35, 47, 67, 77],
[6, 17, 32, 44, 69, 78],
[7, 27, 39, 48, 66],
[8, 22, 36, 50, 64, 70],
[9, 23, 37, 54, 60, 71],
[10, 25, 28, 51, 58, 72],
[11, 24, 40, 55, 65],
[12, 15, 33, 49, 63],
[13, 18, 38, 45, 62, 73]],

[[0, 27, 36, 46, 68, 77],
[1, 25, 35, 53, 57, 70],
[2, 23, 39, 52, 59],
[3, 20, 29, 50, 67, 72],
[4, 26, 31, 51, 62],
[5, 21, 28, 44, 63, 73],
[6, 15, 37, 45, 58, 75],
[7, 19, 38, 55, 64, 76],
[8, 24, 41, 42, 69, 79],
[9, 17, 30, 49, 61],
[10, 16, 34, 54, 56, 74],
[11, 18, 33, 47, 66, 78],
[12, 22, 32, 43, 65, 71],
[13, 14, 40, 48, 60]],

[[0, 24, 34, 45, 67, 71],
[1, 16, 28, 50, 62],
[2, 15, 38, 48, 56, 77],
[3, 27, 37, 55, 59, 70],
[4, 25, 41, 54, 61, 73],
[5, 22, 31, 52, 69, 72],
[6, 14, 33, 53, 64, 74],
[7, 23, 30, 46, 65],
[8, 17, 39, 47, 60, 75],
[9, 21, 40, 43, 66, 76],
[10, 26, 29, 44, 57],
[11, 19, 32, 51, 63, 79],
[12, 18, 36, 42, 58],
[13, 20, 35, 49, 68, 78]],

[[0, 20, 38, 44, 60],
[1, 22, 37, 51, 56, 78],
[2, 26, 36, 47, 69, 71],
[3, 18, 30, 52, 64, 79],
[4, 17, 40, 50, 58, 77],
[5, 15, 39, 43, 61, 70],
[6, 27, 29, 42, 63],
[7, 24, 33, 54, 57, 72],
[8, 16, 35, 55, 66],
[9, 25, 32, 48, 67, 74],
[10, 19, 41, 49, 62, 75],
[11, 23, 28, 45, 68, 76],
[12, 14, 31, 46, 59, 73],
[13, 21, 34, 53, 65]]]