[[[0, 18, 36, 54, 72],
[1, 25, 40, 56, 73],
[2, 31, 50, 71, 74],
[3, 30, 51, 64, 75],
[4, 29, 52, 67, 76],
[5, 28, 53, 65, 77],
[6, 20, 37, 62, 78],
[7, 19, 44, 55, 79],
[8, 27, 46, 70, 80],
[9, 35, 41, 60, 81],
[10, 34, 43, 63, 82],
[11, 33, 45, 61, 83],
[12, 32, 47, 69, 85],
[13, 21, 42, 57, 84],
[14, 26, 49, 58],
[15, 23, 39, 68, 86],
[16, 22, 48, 66],
[17, 24, 38, 59, 87]],

[[0, 22, 43, 57, 73],
[1, 19, 37, 54, 74],
[2, 26, 41, 56, 72],
[3, 18, 50, 58, 76],
[4, 31, 51, 65, 78],
[5, 30, 52, 68, 79],
[6, 29, 53, 66, 75],
[7, 21, 38, 63, 77],
[8, 20, 45, 55, 81],
[9, 28, 47, 71, 80],
[10, 35, 42, 61],
[11, 34, 44, 64, 86],
[12, 33, 46, 62, 82],
[13, 32, 48, 70, 87],
[14, 27, 36, 59],
[15, 24, 40, 69, 84],
[16, 23, 49, 67, 83],
[17, 25, 39, 60, 85]],

[[0, 32, 49, 71, 75],
[1, 23, 44, 57, 72],
[2, 20, 38, 54, 73],
[3, 27, 42, 56, 74],
[4, 19, 50, 59, 77],
[5, 18, 51, 66, 80],
[6, 31, 52, 69, 81],
[7, 30, 53, 67, 78],
[8, 22, 39, 64, 76],
[9, 21, 46, 55, 83],
[10, 29, 48, 58, 79],
[11, 35, 43, 62, 85],
[12, 34, 45, 65, 87],
[13, 33, 47, 63],
[14, 28, 37, 60, 84],
[15, 25, 41, 70],
[16, 24, 36, 68, 82],
[17, 26, 40, 61, 86]],

[[0, 33, 48, 64, 74],
[1, 32, 36, 58, 81],
[2, 24, 45, 57, 78],
[3, 21, 39, 54, 79],
[4, 28, 43, 56, 75],
[5, 20, 50, 60, 72],
[6, 19, 51, 67, 73],
[7, 18, 52, 70, 85],
[8, 31, 53, 68, 84],
[9, 23, 40, 65, 82],
[10, 22, 47, 55, 86],
[11, 30, 49, 59, 76],
[12, 35, 44, 63],
[13, 34, 46, 66],
[14, 29, 38, 61, 80],
[15, 26, 42, 71, 77],
[16, 25, 37, 69, 87],
[17, 27, 41, 62, 83]],

[[0, 34, 47, 67, 81],
[1, 33, 49, 65, 80],
[2, 32, 37, 59, 82],
[3, 25, 46, 57],
[4, 22, 40, 54, 83],
[5, 29, 44, 56, 85],
[6, 21, 50, 61, 87],
[7, 20, 51, 68, 76],
[8, 19, 52, 71, 72],
[9, 18, 53, 69, 86],
[10, 24, 41, 66, 73],
[11, 23, 48, 55, 84],
[12, 31, 36, 60, 75],
[13, 35, 45, 64, 77],
[14, 30, 39, 62],
[15, 27, 43, 58, 78],
[16, 26, 38, 70, 74],
[17, 28, 42, 63, 79]],

[[0, 19, 38, 62, 84],
[1, 35, 47, 66, 83],
[2, 34, 49, 69, 79],
[3, 33, 37, 67, 85],
[4, 32, 39, 61, 72],
[5, 27, 48, 57, 76],
[6, 24, 42, 54, 80],
[7, 31, 46, 56, 86],
[8, 23, 50, 63, 78],
[9, 22, 51, 70, 77],
[10, 21, 52, 59, 75],
[11, 20, 53, 71, 87],
[12, 26, 43, 68],
[13, 25, 36, 55, 74],
[14, 18, 41, 64, 82],
[15, 29, 45, 60, 73],
[16, 28, 40, 58],
[17, 30, 44, 65, 81]],

[[0, 25, 52, 63, 86],
[1, 24, 53, 61, 76],
[2, 30, 47, 58, 77],
[3, 29, 40, 55, 72],
[4, 23, 42, 66, 81],
[5, 35, 37, 70, 73],
[6, 34, 39, 59, 83],
[7, 33, 41, 71, 84],
[8, 32, 43, 65, 79],
[9, 31, 38, 57, 85],
[10, 28, 46, 54, 78],
[11, 21, 36, 56, 80],
[12, 27, 50, 67],
[13, 26, 51, 60, 82],
[14, 22, 45, 68, 74],
[15, 19, 49, 64, 87],
[16, 18, 44, 62],
[17, 20, 48, 69, 75]],

[[0, 29, 50, 69, 83],
[1, 28, 51, 62, 86],
[2, 27, 52, 65, 84],
[3, 26, 53, 63, 73],
[4, 18, 49, 60, 74],
[5, 31, 42, 55, 82],
[6, 25, 44, 68, 77],
[7, 35, 39, 58, 87],
[8, 34, 41, 61, 85],
[9, 33, 43, 59, 72],
[10, 32, 45, 67, 80],
[11, 19, 40, 57, 81],
[12, 30, 48, 54],
[13, 23, 38, 56],
[14, 24, 47, 70, 75],
[15, 21, 37, 66, 76],
[16, 20, 46, 64, 79],
[17, 22, 36, 71, 78]],

[[0, 31, 44, 58, 80],
[1, 18, 45, 59, 79],
[2, 19, 46, 60, 76],
[3, 20, 47, 61, 84],
[4, 21, 48, 62, 73],
[5, 22, 49, 63, 81],
[6, 23, 36, 64, 85],
[7, 24, 37, 65, 72],
[8, 25, 38, 66, 82],
[9, 26, 39, 67, 75],
[10, 27, 40, 68, 87],
[11, 28, 41, 69],
[12, 29, 42, 70, 78],
[13, 30, 43, 71, 83],
[14, 32, 50, 54, 86],
[15, 33, 51, 55],
[16, 34, 52, 56, 77],
[17, 35, 53, 57, 74]]]