[[[0, 39, 51, 67, 81, 100],
[1, 28, 44, 70, 94, 101],
[2, 36, 40, 62, 96, 102],
[3, 25, 45, 60, 83, 103],
[4, 33, 57, 69, 90, 104],
[5, 22, 50, 78, 97, 105],
[6, 30, 55, 76, 84],
[7, 38, 53, 63, 89],
[8, 27, 49, 74, 91],
[9, 35, 46, 73, 85],
[10, 26, 58, 79, 98],
[11, 32, 42, 66, 95],
[12, 21, 47, 64, 82],
[13, 24, 59, 72, 92],
[14, 37, 54, 77, 80],
[15, 29, 48, 68, 99],
[16, 34, 52, 65, 93],
[17, 23, 56, 75, 88],
[18, 31, 43, 61, 86],
[19, 20, 41, 71, 87]],

[[0, 32, 44, 62, 87, 103],
[1, 39, 52, 68, 82, 102],
[2, 29, 45, 71, 95, 100],
[3, 37, 41, 63, 97, 101],
[4, 26, 46, 61, 84, 105],
[5, 34, 58, 70, 91, 104],
[6, 23, 51, 60, 98],
[7, 31, 56, 77, 85],
[8, 20, 54, 64, 90],
[9, 28, 50, 75, 92],
[10, 36, 47, 74, 86],
[11, 27, 40, 79, 80],
[12, 33, 43, 67, 96],
[13, 22, 48, 65, 83],
[14, 25, 59, 73, 93],
[15, 38, 55, 78, 81],
[16, 30, 49, 69, 99],
[17, 35, 53, 66, 94],
[18, 24, 57, 76, 89],
[19, 21, 42, 72, 88]],

[[0, 25, 58, 77, 90, 101],
[1, 33, 45, 63, 88, 105],
[2, 39, 53, 69, 83],
[3, 30, 46, 72, 96, 100],
[4, 38, 42, 64, 98, 102],
[5, 27, 47, 62, 85],
[6, 35, 40, 71, 92, 103],
[7, 24, 52, 61, 80, 104],
[8, 32, 57, 78, 86],
[9, 21, 55, 65, 91],
[10, 29, 51, 76, 93],
[11, 37, 48, 75, 87],
[12, 28, 41, 79, 81],
[13, 34, 44, 68, 97],
[14, 23, 49, 66, 84],
[15, 26, 59, 74, 94],
[16, 20, 56, 60, 82],
[17, 31, 50, 70, 99],
[18, 36, 54, 67, 95],
[19, 22, 43, 73, 89]],

[[0, 37, 55, 68, 96],
[1, 26, 40, 78, 91, 100],
[2, 34, 46, 64, 89, 101],
[3, 39, 54, 70, 84],
[4, 31, 47, 73, 97, 103],
[5, 20, 43, 65, 80, 102],
[6, 28, 48, 63, 86, 104],
[7, 36, 41, 72, 93],
[8, 25, 53, 62, 81, 105],
[9, 33, 58, 60, 87],
[10, 22, 56, 66, 92],
[11, 30, 52, 77, 94],
[12, 38, 49, 76, 88],
[13, 29, 42, 79, 82],
[14, 35, 45, 69, 98],
[15, 24, 50, 67, 85],
[16, 27, 59, 75, 95],
[17, 21, 57, 61, 83],
[18, 32, 51, 71, 99],
[19, 23, 44, 74, 90]],

[[0, 33, 52, 72, 99],
[1, 38, 56, 69, 97],
[2, 27, 41, 60, 92, 104],
[3, 35, 47, 65, 90, 105],
[4, 39, 55, 71, 85],
[5, 32, 48, 74, 98, 100],
[6, 21, 44, 66, 81],
[7, 29, 49, 64, 87],
[8, 37, 42, 73, 94],
[9, 26, 54, 63, 82, 103],
[10, 34, 40, 61, 88],
[11, 23, 57, 67, 93, 102],
[12, 31, 53, 78, 95, 101],
[13, 20, 50, 77, 89],
[14, 30, 43, 79, 83],
[15, 36, 46, 70, 80],
[16, 25, 51, 68, 86],
[17, 28, 59, 76, 96],
[18, 22, 58, 62, 84],
[19, 24, 45, 75, 91]],

[[0, 23, 40, 63, 85],
[1, 34, 53, 73, 99],
[2, 20, 57, 70, 98, 105],
[3, 28, 42, 61, 93],
[4, 36, 48, 66, 91],
[5, 39, 56, 72, 86, 101],
[6, 33, 49, 75, 80, 100],
[7, 22, 45, 67, 82],
[8, 30, 50, 65, 88, 103],
[9, 38, 43, 74, 95],
[10, 27, 55, 64, 83],
[11, 35, 41, 62, 89],
[12, 24, 58, 68, 94],
[13, 32, 54, 60, 96],
[14, 21, 51, 78, 90, 102],
[15, 31, 44, 79, 84, 104],
[16, 37, 47, 71, 81],
[17, 26, 52, 69, 87],
[18, 29, 59, 77, 97],
[19, 25, 46, 76, 92]],

[[0, 21, 50, 74, 84],
[1, 29, 55, 72, 90],
[2, 32, 59, 61, 81],
[3, 26, 43, 66, 88, 104],
[4, 37, 56, 76, 99],
[5, 23, 41, 73, 82],
[6, 31, 45, 64, 96],
[7, 20, 51, 69, 94, 103],
[8, 39, 40, 75, 89],
[9, 36, 52, 78, 83],
[10, 25, 48, 70, 85],
[11, 33, 53, 68, 91],
[12, 22, 46, 77, 98],
[13, 30, 58, 67, 86, 105],
[14, 38, 44, 65, 92, 100],
[15, 27, 42, 71, 97],
[16, 35, 57, 63, 80],
[17, 24, 54, 62, 93, 101],
[18, 34, 47, 79, 87],
[19, 28, 49, 60, 95, 102]],

[[0, 35, 48, 79, 88],
[1, 22, 51, 75, 85, 104],
[2, 30, 56, 73, 91],
[3, 33, 59, 62, 82],
[4, 27, 44, 67, 89],
[5, 38, 57, 77, 99],
[6, 24, 42, 74, 83],
[7, 32, 46, 65, 97],
[8, 21, 52, 70, 95],
[9, 39, 41, 76, 90],
[10, 37, 53, 60, 84, 100],
[11, 26, 49, 71, 86],
[12, 34, 54, 69, 92, 105],
[13, 23, 47, 78, 80],
[14, 31, 40, 68, 87],
[15, 20, 45, 66, 93],
[16, 28, 43, 72, 98],
[17, 36, 58, 64, 81, 103],
[18, 25, 55, 63, 94, 102],
[19, 29, 50, 61, 96, 101]],

[[0, 26, 56, 64, 95],
[1, 36, 49, 79, 89],
[2, 23, 52, 76, 86, 103],
[3, 31, 57, 74, 92],
[4, 34, 59, 63, 83, 100],
[5, 28, 45, 68, 90],
[6, 20, 58, 78, 99],
[7, 25, 43, 75, 84],
[8, 33, 47, 66, 98, 101],
[9, 22, 53, 71, 96],
[10, 39, 42, 77, 91, 105],
[11, 38, 54, 61, 85],
[12, 27, 50, 72, 87],
[13, 35, 55, 70, 93],
[14, 24, 48, 60, 81],
[15, 32, 41, 69, 88, 102],
[16, 21, 46, 67, 94],
[17, 29, 44, 73, 80],
[18, 37, 40, 65, 82, 104],
[19, 30, 51, 62, 97]],

[[0, 38, 41, 66, 83, 105],
[1, 27, 57, 65, 96],
[2, 37, 50, 79, 90],
[3, 24, 53, 77, 87, 102],
[4, 32, 58, 75, 93],
[5, 35, 59, 64, 84],
[6, 29, 46, 69, 91],
[7, 21, 40, 60, 99, 101],
[8, 26, 44, 76, 85],
[9, 34, 48, 67, 80],
[10, 23, 54, 72, 97],
[11, 39, 43, 78, 92],
[12, 20, 55, 62, 86, 100],
[13, 28, 51, 73, 88],
[14, 36, 56, 71, 94, 104],
[15, 25, 49, 61, 82],
[16, 33, 42, 70, 89, 103],
[17, 22, 47, 68, 95],
[18, 30, 45, 74, 81],
[19, 31, 52, 63, 98]],

[[0, 31, 46, 75, 82],
[1, 20, 42, 67, 84],
[2, 28, 58, 66, 97],
[3, 38, 51, 79, 91],
[4, 25, 54, 78, 88],
[5, 33, 40, 76, 94],
[6, 36, 59, 65, 85, 101],
[7, 30, 47, 70, 92, 102],
[8, 22, 41, 61, 99, 100],
[9, 27, 45, 77, 86],
[10, 35, 49, 68, 81, 104],
[11, 24, 55, 73, 98],
[12, 39, 44, 60, 93],
[13, 21, 56, 63, 87],
[14, 29, 52, 74, 89, 105],
[15, 37, 57, 72, 95, 103],
[16, 26, 50, 62, 83],
[17, 34, 43, 71, 90],
[18, 23, 48, 69, 96],
[19, 32, 53, 64, 80]],

[[0, 36, 45, 73, 92],
[1, 25, 50, 71, 98],
[2, 33, 48, 77, 84],
[3, 22, 44, 69, 86],
[4, 30, 41, 68, 80],
[5, 21, 53, 79, 93, 103],
[6, 27, 56, 61, 90],
[7, 35, 42, 78, 96],
[8, 38, 59, 67, 87, 104],
[9, 32, 49, 72, 94, 105],
[10, 24, 43, 63, 99],
[11, 29, 47, 60, 88],
[12, 37, 51, 70, 83],
[13, 26, 57, 75, 81, 101],
[14, 39, 46, 62, 95],
[15, 23, 58, 65, 89],
[16, 31, 54, 76, 91, 102],
[17, 20, 40, 74, 97],
[18, 28, 52, 64, 85, 100],
[19, 34, 55, 66, 82]]]