[[[0,1,2],
[3,4,5],
[6,7,8],
[9,10,11],
[12,13,14],
[15,16,17],
[18,19,20]],

[[0,4,8],
[3,7,11],
[6,10,14],
[9,13,17],
[12,16,20],
[15,19,2],
[18,1,5]],

[[0,7,14],
[3,10,17],
[6,13,20],
[9,16,2],
[12,19,5],
[15,1,8],
[18,4,11]],

[[0,10,20],
[3,13,2],
[6,16,5],
[9,19,8],
[12,1,11],
[15,4,14],
[18,7,17]],

[[0,13,5],
[3,16,8],
[6,19,11],
[9,1,14],
[12,4,17],
[15,7,20],
[18,10,2]],

[[0,16,11],
[3,19,14],
[6,1,17],
[9,4,20],
[12,7,2],
[15,10,5],
[18,13,8]],

[[0,19,17],
[3,1,20],
[6,4,2],
[9,7,5],
[12,10,8],
[15,13,11],
[18,16,14]],

[[0,3,6,9,12,15,18],
[1,4,7,10,13,16,19],
[2,5,8,11,14,17,20]]]