[[[0,1,2,3,4],
[5,6,7,8],
[9,10,11,12],
[13,14,15,16],
[17,18,19,20],
[21,22,23,24],
[25,26,27,28],
[29,30,31,32]],

[[0,6,11,16],
[1,5,12,15],
[2,8,9,14],
[3,7,10,13],
[4,17,22,27,32],
[18,21,28,31],
[19,24,25,30],
[20,23,26,29]],

[[0,10,19,28],
[5,14,23,32],
[1,9,20,27],
[6,13,24,31],
[2,12,17,26],
[4,7,16,21,30],
[3,11,18,25],
[8,15,22,29]],

[[0,14,24,27],
[4,5,10,20,31],
[6,9,19,32],
[1,13,23,28],
[8,11,17,30],
[3,15,21,26],
[2,16,22,25],
[7,12,18,29]],

[[0,8,18,23],
[3,5,19,22],
[9,16,26,31],
[12,13,27,30],
[1,7,17,24],
[2,6,20,21],
[10,15,25,32],
[4,11,14,28,29]],

[[0,12,22,31],
[5,16,18,27],
[3,9,23,30],
[4,8,13,19,26],
[6,15,17,28],
[1,11,21,32],
[7,14,20,25],
[2,10,24,29]],

[[0,7,26,32],
[2,5,28,30],
[4,9,15,18,24],
[11,13,20,22],
[10,16,17,23],
[12,14,19,21],
[1,8,25,31],
[3,6,27,29]],

[[0,15,20,30],
[5,11,24,26],
[7,9,22,28],
[2,13,18,32],
[3,14,17,31],
[8,10,21,27],
[4,6,12,23,25],
[1,16,19,29]]]