[[[0, 20, 32, 44, 56, 68, 79],
[1, 21, 35, 46, 52, 67, 83],
[2, 22, 29, 43, 57, 71, 72],
[3, 23, 30, 41, 48, 61, 78],
[4, 16, 24, 45, 53, 63, 81],
[5, 17, 27, 47, 50, 70, 82],
[6, 18, 33, 37, 58, 62, 74],
[7, 19, 34, 39, 49, 64, 80],
[8, 12, 28, 38, 54, 69, 75],
[9, 13, 31, 36, 51, 65, 77],
[10, 14, 25, 42, 55, 60, 76],
[11, 15, 26, 40, 59, 66, 73]],

[[0, 16, 28, 40, 52, 64, 82],
[1, 17, 31, 42, 48, 63, 80],
[2, 18, 25, 39, 53, 67, 78],
[3, 19, 26, 37, 56, 69, 72],
[4, 12, 32, 41, 49, 71, 74],
[5, 13, 35, 43, 58, 66, 75],
[6, 14, 29, 45, 54, 70, 83],
[7, 15, 30, 47, 57, 60, 77],
[8, 20, 24, 46, 50, 65, 73],
[9, 21, 27, 44, 59, 61, 76],
[10, 22, 33, 38, 51, 68, 81],
[11, 23, 34, 36, 55, 62, 79]],

[[0, 18, 30, 42, 54, 66, 81],
[1, 19, 29, 40, 50, 61, 77],
[2, 16, 27, 37, 55, 65, 80],
[3, 17, 24, 39, 58, 71, 79],
[4, 14, 34, 43, 51, 69, 73],
[5, 15, 33, 41, 56, 64, 83],
[6, 12, 31, 47, 52, 68, 76],
[7, 13, 28, 45, 59, 62, 72],
[8, 22, 26, 44, 48, 67, 74],
[9, 23, 25, 46, 57, 63, 75],
[10, 20, 35, 36, 49, 70, 78],
[11, 21, 32, 38, 53, 60, 82]]]