[[[0, 1, 2, 3, 4],
[5, 6, 7, 8, 9],
[10, 11, 12, 13, 14],
[15, 16, 17, 18, 19],
[20, 21, 22, 23, 24],
[25, 26, 27, 28, 29],
[30, 31, 32, 33, 34, 35],
[36, 37, 38, 39, 40, 41],
[42, 43, 44, 45, 46, 47],
[48, 49, 50, 51, 52, 53]],

[[0, 10, 15, 20, 25],
[1, 29, 35, 41, 47, 53],
[2, 34, 40, 46, 52],
[3, 24, 33, 39, 45, 51],
[19, 23, 38, 44, 50],
[4, 9, 37, 43, 49],
[8, 14, 36, 42, 48],
[7, 13, 18, 22, 28, 32],
[6, 12, 17, 21, 27, 31],
[5, 11, 16, 26, 30]],

[[0, 5, 12, 18, 23],
[1, 11, 17, 36, 45],
[2, 6, 10, 16, 37, 42],
[3, 7, 14, 15, 31],
[8, 13, 20, 26, 51],
[4, 21, 25, 30, 53],
[9, 19, 32, 41, 46, 48],
[27, 33, 38, 47, 52],
[22, 29, 34, 39, 43, 50],
[24, 28, 35, 40, 44, 49]],

[[0, 6, 11, 22, 33],
[1, 21, 32, 39, 44, 52],
[2, 28, 38, 45, 53],
[3, 13, 17, 40, 47, 50],
[15, 29, 36, 46, 49],
[4, 5, 34, 41, 42, 51],
[7, 10, 35, 43, 48],
[12, 19, 24, 26, 37],
[8, 16, 23, 25, 31],
[9, 14, 18, 20, 27, 30]],

[[0, 7, 17, 24, 29],
[1, 5, 10, 31, 38],
[2, 13, 21, 41, 49],
[3, 6, 18, 26, 34, 36],
[9, 11, 25, 42, 52],
[4, 8, 12, 15, 22, 44],
[14, 16, 32, 45, 50],
[19, 20, 33, 40, 43, 53],
[27, 35, 37, 46, 51],
[23, 28, 30, 39, 47, 48]],

[[0, 8, 19, 34, 47],
[1, 6, 14, 25, 43, 51],
[2, 9, 15, 26, 35, 50],
[3, 23, 27, 32, 53],
[10, 17, 28, 33, 41],
[4, 13, 16, 24, 36, 52],
[22, 30, 38, 42, 49],
[5, 21, 40, 45, 48],
[7, 12, 20, 39, 46],
[11, 18, 29, 31, 37, 44]]]