[[[0,1,2,3,4],
[5,6,7,8,9],
[10,11,12,13,14],
[15,16,17,18,19],
[20,21,22,23,24],
[25,26,27,28],
[29,30,31,32],
[33,34,35,36],
[37,38,39,40]],

[[0,6,12,18,24],
[2,5,11,23],
[1,7,10,19,28],
[15,21,27,32],
[17,20,26,36],
[16,22,25,40],
[3,9,29,34,39],
[8,14,31,33,38],
[4,13,30,35,37]],

[[0,7,11,32],
[1,5,12,36],
[2,6,10,40],
[3,14,15,22,26],
[4,8,16,20,27],
[9,13,17,21,25],
[18,29,35,38],
[19,23,30,33,39],
[24,28,31,34,37]],

[[0,16,23,31],
[5,21,28,35],
[10,18,26,39],
[2,9,15,30,36],
[7,14,20,34,40],
[4,12,25,32,38],
[1,8,17,24,29],
[6,13,22,33],
[3,11,19,27,37]],

[[0,14,21,36,39],
[4,5,26,31,40],
[9,10,16,32,35],
[8,12,15,34],
[2,13,19,20,38],
[3,7,24,25,30],
[6,23,27,29],
[11,17,28,33],
[1,18,22,37]],

[[0,8,19,26,35],
[5,13,16,24,39],
[3,10,21,31],
[7,15,23,38],
[12,20,28,30],
[2,18,25,34],
[4,11,22,29,36],
[1,9,27,33,40],
[6,14,17,32,37]],

[[0,17,30,40],
[5,19,22,32,34],
[10,24,27,36,38],
[1,13,15,31],
[3,6,20,35],
[8,11,25,39],
[2,14,16,28,29],
[4,7,18,21,33],
[9,12,23,26,37]],

[[0,13,27,34],
[3,5,17,38],
[8,10,22,30],
[4,6,15,28,39],
[9,11,18,20,31],
[1,14,23,25,35],
[12,19,21,29,40],
[2,24,26,32,33],
[7,16,36,37]],

[[0,9,22,28,38],
[5,14,18,27,30],
[4,10,17,23,34],
[11,15,24,35,40],
[1,20,32,39],
[6,19,25,31,36],
[7,13,26,29],
[3,12,16,33],
[2,8,21,37]]]