[[[0,1,2,3,4],
[5,6,7,8,9],
[10,11,12,13,14],
[15,16,17,18,19],
[20,21,22,23,24],
[25,26,27,28],
[29,30,31,32],
[33,34,35,36]],

[[0,6,12,18,24],
[1,5,13,17],
[2,8,10,16],
[3,7,11,15],
[4,20,26,31,36],
[9,21,25,32,35],
[14,22,28,29,34],
[19,23,27,30,33]],

[[0,11,22,32],
[5,16,24,27,36],
[1,10,23,31],
[6,15,28,35],
[2,9,13,20,30],
[4,7,18,25,34],
[3,12,19,21,29],
[8,14,17,26,33]],

[[0,9,16,28,31],
[4,5,11,23,35],
[6,10,19,22,36],
[1,14,15,27,32],
[8,12,20,34],
[3,17,24,25,30],
[2,18,26,29],
[7,13,21,33]],

[[0,8,21,27],
[3,5,22,26],
[10,18,30,35],
[13,15,24,31,34],
[1,7,19,20,28],
[2,6,14,23,25],
[9,11,17,29,36],
[4,12,16,32,33]],

[[0,13,19,26,35],
[5,14,18,21,31],
[3,9,10,27,34],
[4,8,15,22,30],
[6,17,20,32],
[1,12,25,36],
[7,16,23,29],
[2,11,24,28,33]],

[[0,7,14,30,36],
[2,5,19,32,34],
[4,10,17,21,28],
[9,12,15,23,26],
[11,18,20,27],
[13,16,22,25],
[1,8,24,29,35],
[3,6,31,33]],

[[0,17,23,34],
[5,12,28,30],
[7,10,24,26,32],
[2,15,21,36],
[3,14,16,20,35],
[8,11,19,25,31],
[4,6,13,27,29],
[1,9,18,22,33]]]